4803 4914
4803 4915
627 4914
627 4915
4908 4914
4908 4915
4909 4914
4909 4915
1950 1956
2246 2260
2246 2261
2246 2263
2246 2264
2247 2260
2247 2261
2247 2263
2247 2264
2248 2260
2248 2261
2248 2263
2248 2264
2249 2260
2249 2261
2249 2263
2249 2264
2250 2260
2250 2261
2250 2263
2250 2264
2251 2260
2251 2261
2251 2263
2251 2264
2252 2260
2252 2261
2252 2263
2252 2264
2253 2260
2253 2261
2253 2263
2253 2264
2254 2260
2254 2261
2254 2263
2254 2264
2255 2260
2255 2261
2255 2263
2255 2264
2256 2260
2256 2261
2256 2263
2256 2264
2257 2260
2257 2261
2257 2263
2257 2264
2258 2260
2258 2261
2258 2263
2258 2264
2259 2260
2259 2261
2259 2263
2259 2264
26281 2260
26281 2261
26281 2263
26281 2264
26291 2260
26291 2261
26291 2263
26291 2264
27006 2260
27006 2261
27006 2263
27006 2264
8074 2260
8074 2261
8074 2263
8074 2264
8817 2260
8817 2261
8817 2263
8817 2264
8822 2260
8822 2261
8822 2263
8822 2264
8823 2260
8823 2261
8823 2263
8823 2264
9965 2260
9965 2261
9965 2263
9965 2264
5154 5156
5154 5159
5155 5156
5155 5159
2768 5922
55970 5922
9693 22800
9693 22808
9693 3265
9693 3845
9693 4893
9693 6237
5923 22800
5923 22808
5923 3265
5923 3845
5923 4893
5923 6237
5924 22800
5924 22808
5924 3265
5924 3845
5924 4893
5924 6237
10125 22800
10125 22808
10125 3265
10125 3845
10125 4893
10125 6237
10235 22800
10235 22808
10235 3265
10235 3845
10235 4893
10235 6237
115727 22800
115727 22808
115727 3265
115727 3845
115727 4893
115727 6237
25780 22800
25780 22808
25780 3265
25780 3845
25780 4893
25780 6237
5906 673
5908 673
7124 7132
3552 3554
3552 7850
3553 3554
3553 7850
356 355
7040 130399
7040 7046
7040 7048
7040 91
7042 130399
7042 7046
7042 7048
7042 91
7043 130399
7043 7046
7043 7048
7043 91
7132 836
7132 7186
3554 836
7850 836
355 1616
130399 1616
7046 1616
7048 1616
91 1616
6654 22800
6654 22808
6654 3265
6654 3845
6654 4893
6654 6237
6655 22800
6655 22808
6655 3265
6655 3845
6655 4893
6655 6237
22800 673
22808 673
3265 673
3845 673
4893 673
6237 673
22800 5894
22808 5894
3265 5894
3845 5894
4893 5894
6237 5894
22800 4342
22808 4342
3265 4342
3845 4342
4893 4342
6237 4342
5879 4214
5880 4214
5881 4214
998 4214
5879 5058
5879 5062
5880 5058
5880 5062
5881 5058
5881 5062
998 5058
998 5062
836 6788
836 6789
7186 5871
7186 4217
7186 4214
1616 4217
10912 4216
1647 4216
4616 4216
836 5058
836 5062
836 4214
7039 1956
374 1956
685 1956
685 2066
1839 1956
1839 2066
2069 1956
2069 2066
3084 2065
3084 2066
9542 2065
9542 2066
10718 2066
145957 2066
1956 6714
1956 2885
2064 2885
2065 2885
2065 23533
2065 5290
2065 5291
2065 5293
2065 5294
2065 5295
2065 5296
2065 8503
2066 2885
2066 23533
2066 5290
2066 5291
2066 5293
2066 5294
2066 5295
2066 5296
2066 8503
2064 23533
2064 5290
2064 5291
2064 5293
2064 5294
2064 5295
2064 5296
2064 8503
1398 25
1398 27
1399 25
1399 27
4690 10298
4690 5058
4690 5062
4690 5063
4690 56924
4690 57144
8440 10298
8440 5058
8440 5062
8440 5063
8440 56924
8440 57144
25759 2885
399694 2885
53358 2885
6464 2885
2885 6654
2885 6655
3265 369
3845 369
4893 369
2885 2549
2549 23533
2549 5290
2549 5291
2549 5293
2549 5294
2549 5295
2549 5296
2549 8503
1128 2774
1128 2778
1131 2774
1131 2778
1133 2774
1133 2778
135 2774
135 2778
136 2774
136 2778
153 2774
153 2778
154 2774
154 2778
155 2774
155 2778
1812 2774
1812 2778
1816 2774
1816 2778
3274 2774
3274 2778
3360 2774
3360 2778
3361 2774
3361 2778
3362 2774
3362 2778
3363 2774
3363 2778
2774 107
2774 108
2774 109
2774 113
2774 114
2774 115
2774 196883
2778 107
2778 108
2778 109
2778 113
2778 114
2778 115
2778 196883
2064 5335
2064 5336
2065 5335
2065 5336
2066 5335
2066 5336
5156 5335
5156 5336
5159 5335
5159 5336
163688 4638
163688 85366
163688 91807
51806 4638
51806 85366
51806 91807
801 4638
801 85366
801 91807
805 4638
805 85366
805 91807
808 4638
808 85366
808 91807
810 4638
810 85366
810 91807
10800 2767
10800 2769
10800 2776
10800 9630
1128 2767
1128 2769
1128 2776
1128 9630
1129 2767
1129 2769
1129 2776
1129 9630
1131 2767
1131 2769
1131 2776
1131 9630
146 2767
146 2769
146 2776
146 9630
147 2767
147 2769
147 2776
147 9630
148 2767
148 2769
148 2776
148 9630
185 2767
185 2769
185 2776
185 9630
1909 2767
1909 2769
1909 2776
1909 9630
1910 2767
1910 2769
1910 2776
1910 9630
2149 2767
2149 2769
2149 2776
2149 9630
2911 2767
2911 2769
2911 2776
2911 9630
2915 2767
2915 2769
2915 2776
2915 9630
2925 2767
2925 2769
2925 2776
2925 9630
3269 2767
3269 2769
3269 2776
3269 9630
3356 2767
3356 2769
3356 2776
3356 9630
3357 2767
3357 2769
3357 2776
3357 9630
3358 2767
3358 2769
3358 2776
3358 9630
3973 2767
3973 2769
3973 2776
3973 9630
4923 2767
4923 2769
4923 2776
4923 9630
5021 2767
5021 2769
5021 2776
5021 9630
552 2767
552 2769
552 2776
552 9630
553 2767
553 2769
553 2776
553 9630
56413 2767
56413 2769
56413 2776
56413 9630
57105 2767
57105 2769
57105 2776
57105 9630
5724 2767
5724 2769
5724 2776
5724 9630
5731 2767
5731 2769
5731 2776
5731 9630
5733 2767
5733 2769
5733 2776
5733 9630
5737 2767
5737 2769
5737 2776
5737 9630
623 2767
623 2769
623 2776
623 9630
624 2767
624 2769
624 2776
624 9630
6865 2767
6865 2769
6865 2776
6865 9630
6869 2767
6869 2769
6869 2776
6869 9630
6870 2767
6870 2769
6870 2776
6870 9630
6915 2767
6915 2769
6915 2776
6915 9630
7201 2767
7201 2769
7201 2776
7201 9630
886 2767
886 2769
886 2776
886 9630
887 2767
887 2769
887 2776
887 9630
2767 23236
2767 5330
2767 5331
2767 5332
2769 23236
2769 5330
2769 5331
2769 5332
2776 23236
2776 5330
2776 5331
2776 5332
9630 23236
9630 5330
9630 5331
9630 5332
163688 5136
163688 5137
163688 5153
51806 5136
51806 5137
51806 5153
801 5136
801 5137
801 5153
805 5136
805 5137
805 5153
808 5136
808 5137
808 5153
810 5136
810 5137
810 5153
163688 107
163688 109
163688 114
51806 107
51806 109
51806 114
801 107
801 109
801 114
805 107
805 109
805 114
808 107
808 109
808 114
810 107
810 109
810 114
2919 3579
2920 3579
2921 3579
6374 3579
5473 3579
728045 3579
6372 3579
3576 3579
6372 3577
3576 3577
4283 2833
3627 2833
6373 2833
6387 7852
10563 643
58191 10663
6375 2829
6846 2829
6376 1524
6346 1237
6364 1235
6370 10803
6361 1233
6367 1233
6363 1236
6366 1236
6347 1231
6347 729230
6351 1234
6348 1234
6357 1231
6357 729230
6357 1232
6354 1231
6354 729230
6354 1230
6352 1234
6352 1230
6352 1232
6358 1230
6360 1230
6368 1230
6359 1230
6359 1232
6355 1232
6356 1232
6369 1232
10344 1232
56477 1232
56477 2826
10850 2826
3569 3572
3569 3570
3589 3572
3589 3590
5008 3572
5008 3977
5008 9180
3976 3977
3976 3572
1270 3977
1270 3572
1270 1271
23529 3977
23529 3572
23529 1271
1489 3977
1489 3572
1440 1441
3952 3953
3565 3597
3565 3566
3596 3597
3596 3566
3592 3595
3592 3594
3593 3595
3593 3594
51561 3594
51561 149233
1437 1439
1437 1438
3562 1439
3562 3563
3567 1439
3567 3568
3558 3561
3558 3560
3558 3559
3565 3561
3574 3561
3574 3575
3578 3561
3578 3581
3600 3561
3600 3560
3600 3601
59067 3561
59067 50615
85480 64109
85480 3575
2056 2057
2688 2690
2689 2690
5617 5618
7173 4352
56034 5156
80301 5159
7423 2321
7422 2321
7422 3791
2277 3791
7424 3791
2277 2324
7424 2324
3082 4233
1435 1436
4254 3815
2323 2322
3439 3455
3439 3454
3440 3455
3440 3454
3441 3455
3441 3454
3442 3455
3442 3454
3443 3455
3443 3454
3444 3455
3444 3454
3445 3455
3445 3454
3446 3455
3446 3454
3447 3455
3447 3454
3448 3455
3448 3454
3449 3455
3449 3454
3451 3455
3451 3454
3452 3455
3452 3454
3456 3455
3456 3454
3467 3455
3467 3454
56832 3455
56832 3454
338376 3455
338376 3454
3458 3460
3458 3459
3586 3588
3586 3587
29949 53832
50604 53832
50604 58985
11009 53832
11009 58985
50616 3588
50616 58985
50616 116379
282616 3588
282616 163702
282617 3588
282617 163702
282618 3588
282618 163702
8743 8797
8743 8795
8743 8794
8743 8793
8743 4982
8600 4982
8600 8792
8742 51330
7124 7133
4049 7133
4049 7132
4049 4055
4049 8764
4050 4055
8740 4055
8740 8764
8740 8771
356 8771
959 958
970 939
944 943
8744 3604
7292 7293
8995 8784
8741 608
8741 23495
10673 608
10673 23495
10673 115650
1896 10913
1896 60401
3624 90
3624 94
3624 92
3624 93
3624 91
3625 90
3625 94
3625 92
3625 93
3625 91
3626 90
3626 94
3626 92
3626 93
3626 91
83729 90
83729 94
83729 92
83729 93
83729 91
268 90
268 94
268 269
650 90
650 94
650 659
650 658
650 657
655 658
655 92
655 93
8200 657
8200 92
8200 93
3605 23765
27190 55540
64806 55540
3552 3556
3553 3556
3606 8807
3606 8809
3706 163688
3706 51806
3706 801
3706 805
3706 808
3706 810
3707 163688
3707 51806
3707 801
3707 805
3707 808
3707 810
1511 2149
1511 2150
1511 2151
1511 56288
1511 9002
2147 2149
2147 2150
2147 2151
2147 56288
2147 9002
3001 2149
3001 2150
3001 2151
3001 56288
3001 9002
5340 2149
5340 2150
5340 2151
5340 56288
5340 9002
5644 2149
5644 2150
5644 2151
5644 56288
5644 9002
5645 2149
5645 2150
5645 2151
5645 56288
5645 9002
5646 2149
5646 2150
5646 2151
5646 56288
5646 9002
1081 2492
2488 2492
1081 3973
3972 3973
1081 7253
7252 7253
1442 2690
10912 5111
1647 5111
4616 5111
1387 7157
2033 7157
5591 7157
731751 7157
699 701
699 10459
699 4085
699 8379
9184 701
9184 10459
9184 4085
9184 8379
100131844 100131844
100131844 10393
100131844 246184
100131844 29882
100131844 29945
100131844 51433
100131844 51434
100131844 51529
100131844 64682
100131844 650621
100131844 729948
100131844 730314
100131844 8697
100131844 8881
100131844 996
100131844 51343
10393 100131844
10393 10393
10393 246184
10393 29882
10393 29945
10393 51433
10393 51434
10393 51529
10393 64682
10393 650621
10393 729948
10393 730314
10393 8697
10393 8881
10393 996
10393 51343
246184 100131844
246184 10393
246184 246184
246184 29882
246184 29945
246184 51433
246184 51434
246184 51529
246184 64682
246184 650621
246184 729948
246184 730314
246184 8697
246184 8881
246184 996
246184 51343
29882 100131844
29882 10393
29882 246184
29882 29882
29882 29945
29882 51433
29882 51434
29882 51529
29882 64682
29882 650621
29882 729948
29882 730314
29882 8697
29882 8881
29882 996
29882 51343
29945 100131844
29945 10393
29945 246184
29945 29882
29945 29945
29945 51433
29945 51434
29945 51529
29945 64682
29945 650621
29945 729948
29945 730314
29945 8697
29945 8881
29945 996
29945 51343
51433 100131844
51433 10393
51433 246184
51433 29882
51433 29945
51433 51433
51433 51434
51433 51529
51433 64682
51433 650621
51433 729948
51433 730314
51433 8697
51433 8881
51433 996
51433 51343
51434 100131844
51434 10393
51434 246184
51434 29882
51434 29945
51434 51433
51434 51434
51434 51529
51434 64682
51434 650621
51434 729948
51434 730314
51434 8697
51434 8881
51434 996
51434 51343
51529 100131844
51529 10393
51529 246184
51529 29882
51529 29945
51529 51433
51529 51434
51529 51529
51529 64682
51529 650621
51529 729948
51529 730314
51529 8697
51529 8881
51529 996
51529 51343
64682 100131844
64682 10393
64682 246184
64682 29882
64682 29945
64682 51433
64682 51434
64682 51529
64682 64682
64682 650621
64682 729948
64682 730314
64682 8697
64682 8881
64682 996
64682 51343
650621 100131844
650621 10393
650621 246184
650621 29882
650621 29945
650621 51433
650621 51434
650621 51529
650621 64682
650621 650621
650621 729948
650621 730314
650621 8697
650621 8881
650621 996
650621 51343
729948 100131844
729948 10393
729948 246184
729948 29882
729948 29945
729948 51433
729948 51434
729948 51529
729948 64682
729948 650621
729948 729948
729948 730314
729948 8697
729948 8881
729948 996
729948 51343
730314 100131844
730314 10393
730314 246184
730314 29882
730314 29945
730314 51433
730314 51434
730314 51529
730314 64682
730314 650621
730314 729948
730314 730314
730314 8697
730314 8881
730314 996
730314 51343
8697 100131844
8697 10393
8697 246184
8697 29882
8697 29945
8697 51433
8697 51434
8697 51529
8697 64682
8697 650621
8697 729948
8697 730314
8697 8697
8697 8881
8697 996
8697 51343
8881 100131844
8881 10393
8881 246184
8881 29882
8881 29945
8881 51433
8881 51434
8881 51529
8881 64682
8881 650621
8881 729948
8881 730314
8881 8697
8881 8881
8881 996
8881 51343
996 100131844
996 10393
996 246184
996 29882
996 29945
996 51433
996 51434
996 51529
996 64682
996 650621
996 729948
996 730314
996 8697
996 8881
996 996
996 51343
991 100131844
991 10393
991 246184
991 29882
991 29945
991 51433
991 51434
991 51529
991 64682
991 650621
991 729948
991 730314
991 8697
991 8881
991 996
991 51343
4194 4193
7157 4193
54205 842
317 842
842 836
841 836
6843 6616
6843 8773
6843 112755
6843 2054
6843 6804
6843 6809
6843 6810
6844 6616
6844 8773
6844 112755
6844 2054
6844 6804
6844 6809
6844 6810
9341 6616
9341 8773
9341 112755
9341 2054
9341 6804
9341 6809
9341 6810
8674 6616
8674 8773
8674 112755
8674 2054
8674 6804
8674 6809
8674 6810
8674 10490
8674 143187
8674 10228
8674 8677
8674 8675
10652 10490
10652 143187
10652 9482
10652 203062
10652 23673
10652 8417
10282 9554
10282 9570
10282 6811
51272 9554
51272 9570
51272 6811
9554 662
9554 55850
9554 53407
9140 10533
11337 10533
11345 10533
23710 10533
10533 10533
10533 64422
6009 2475
355 8772
8793 8772
8794 8772
8795 8772
8797 8772
7132 8772
7132 8717
7132 8737
3554 8772
3554 8717
3556 8772
3556 8717
3554 11213
3554 3654
3554 3656
3554 51135
3554 4615
3556 11213
3556 3654
3556 3656
3556 51135
3556 4615
8772 843
8772 841
843 836
841 840
8737 9020
7186 9020
842 840
836 839
836 1676
840 1676
841 637
64840 51384
64840 54361
64840 7471
64840 7472
64840 7473
64840 7474
64840 7475
64840 7476
64840 7477
64840 7478
64840 7479
64840 7480
64840 7481
64840 7482
64840 7483
64840 7484
64840 80326
64840 81029
64840 89780
51384 11211
51384 2535
51384 7855
51384 7976
51384 8321
51384 8322
51384 8323
51384 8324
51384 8325
51384 8326
54361 11211
54361 2535
54361 7855
54361 7976
54361 8321
54361 8322
54361 8323
54361 8324
54361 8325
54361 8326
7471 11211
7471 2535
7471 7855
7471 7976
7471 8321
7471 8322
7471 8323
7471 8324
7471 8325
7471 8326
7472 11211
7472 2535
7472 7855
7472 7976
7472 8321
7472 8322
7472 8323
7472 8324
7472 8325
7472 8326
7473 11211
7473 2535
7473 7855
7473 7976
7473 8321
7473 8322
7473 8323
7473 8324
7473 8325
7473 8326
7474 11211
7474 2535
7474 7855
7474 7976
7474 8321
7474 8322
7474 8323
7474 8324
7474 8325
7474 8326
7475 11211
7475 2535
7475 7855
7475 7976
7475 8321
7475 8322
7475 8323
7475 8324
7475 8325
7475 8326
7476 11211
7476 2535
7476 7855
7476 7976
7476 8321
7476 8322
7476 8323
7476 8324
7476 8325
7476 8326
7477 11211
7477 2535
7477 7855
7477 7976
7477 8321
7477 8322
7477 8323
7477 8324
7477 8325
7477 8326
7478 11211
7478 2535
7478 7855
7478 7976
7478 8321
7478 8322
7478 8323
7478 8324
7478 8325
7478 8326
7479 11211
7479 2535
7479 7855
7479 7976
7479 8321
7479 8322
7479 8323
7479 8324
7479 8325
7479 8326
7480 11211
7480 2535
7480 7855
7480 7976
7480 8321
7480 8322
7480 8323
7480 8324
7480 8325
7480 8326
7481 11211
7481 2535
7481 7855
7481 7976
7481 8321
7481 8322
7481 8323
7481 8324
7481 8325
7481 8326
7482 11211
7482 2535
7482 7855
7482 7976
7482 8321
7482 8322
7482 8323
7482 8324
7482 8325
7482 8326
7483 11211
7483 2535
7483 7855
7483 7976
7483 8321
7483 8322
7483 8323
7483 8324
7483 8325
7483 8326
7484 11211
7484 2535
7484 7855
7484 7976
7484 8321
7484 8322
7484 8323
7484 8324
7484 8325
7484 8326
80326 11211
80326 2535
80326 7855
80326 7976
80326 8321
80326 8322
80326 8323
80326 8324
80326 8325
80326 8326
81029 11211
81029 2535
81029 7855
81029 7976
81029 8321
81029 8322
81029 8323
81029 8324
81029 8325
81029 8326
89780 11211
89780 2535
89780 7855
89780 7976
89780 8321
89780 8322
89780 8323
89780 8324
89780 8325
89780 8326
5663 1499
4089 51176
4089 6932
4089 6934
4089 83439
85407 1855
85407 1856
85407 1857
85409 1855
85409 1856
85409 1857
387 6093
387 9475
5879 5599
5879 5601
5879 5602
5880 5599
5880 5601
5880 5602
5881 5599
5881 5601
5881 5602
1499 51176
1499 6932
1499 6934
1499 83439
10683 4851
10683 4853
10683 4854
10683 4855
28514 4851
28514 4853
28514 4854
28514 4855
54567 4851
54567 4853
54567 4854
54567 4855
4851 113878
4851 151636
4851 1840
4851 196403
4851 23220
4853 113878
4853 151636
4853 1840
4853 196403
4853 23220
4854 113878
4854 151636
4854 1840
4854 196403
4854 23220
4855 113878
4855 151636
4855 1840
4855 196403
4855 23220
6868 4851
6868 4853
6868 4854
6868 4855
23385 4851
23385 4853
23385 4854
23385 4855
51107 4851
51107 4853
51107 4854
51107 4855
5663 4851
5663 4853
5663 4854
5663 4855
5664 4851
5664 4853
5664 4854
5664 4855
55851 4851
55851 4853
55851 4854
55851 4855
3955 4851
3955 4853
3955 4854
3955 4855
4242 4851
4242 4853
4242 4854
4242 4855
5986 4851
5986 4853
5986 4854
5986 4855
4851 11317
4851 3516
4853 11317
4853 3516
4854 11317
4854 3516
4855 11317
4855 3516
1387 11317
1387 3516
2033 11317
2033 3516
2648 11317
2648 3516
8850 11317
8850 3516
55534 11317
55534 3516
84441 11317
84441 3516
9794 11317
9794 3516
3549 5727
50846 5727
6469 5727
6608 51684
6608 27148
151449 269
151449 659
268 659
353500 269
353500 659
392255 269
392255 659
650 269
652 269
652 659
653 269
653 659
654 269
654 659
655 269
655 659
656 269
656 659
8200 269
8200 659
4838 92
4838 93
4086 4089
4090 4089
4093 4089
4087 4089
4088 4089
4089 7027
4089 1874
4089 1875
4089 5933
4089 5934
4087 7027
4087 1874
4087 1875
4087 5933
4087 5934
4088 7027
4088 1874
4088 1875
4088 5933
4088 5934
4089 6667
4089 1387
4089 2033
4087 6667
4087 1387
4087 2033
4088 6667
4088 1387
4088 2033
7048 387
7048 5515
7048 5516
7048 5518
7048 5519
9423 1630
1630 4690
4690 5879
4690 5880
4690 5881
5879 22885
5879 3983
5879 84448
5880 22885
5880 3983
5880 84448
5881 22885
5881 3983
5881 84448
9423 137970
9423 219699
9423 8633
9423 90249
1942 5921
1943 5921
1944 5921
1945 5921
1946 5921
1942 2534
1943 2534
1944 2534
1945 2534
1946 2534
1947 8440
1948 8440
1949 8440
8440 5747
1942 1969
1942 2041
1942 2042
1942 2043
1942 2044
1942 2045
1942 2046
1942 285220
1943 1969
1943 2041
1943 2042
1943 2043
1943 2044
1943 2045
1943 2046
1943 285220
1944 1969
1944 2041
1944 2042
1944 2043
1944 2044
1944 2045
1944 2046
1944 285220
1945 1969
1945 2041
1945 2042
1945 2043
1945 2044
1945 2045
1945 2046
1945 285220
1946 1969
1946 2041
1946 2042
1946 2043
1946 2044
1946 2045
1946 2046
1946 285220
2047 1947
2047 1948
2047 1949
2048 1947
2048 1948
2048 1949
2049 1947
2049 1948
2049 1949
2050 1947
2050 1948
2050 1949
2051 1947
2051 1948
2051 1949
1969 25
2041 25
2042 25
2043 25
2044 25
2045 25
2046 25
285220 25
2047 25
2048 25
2049 25
2050 25
2051 25
1969 25791
2041 25791
2042 25791
2043 25791
2044 25791
2045 25791
2046 25791
285220 25791
25791 387
5879 10298
5879 5063
5879 56924
5879 57144
5880 10298
5880 5063
5880 56924
5880 57144
5881 10298
5881 5063
5881 56924
5881 57144
998 10298
998 5063
998 56924
998 57144
1969 5921
2041 5921
2042 5921
2043 5921
2044 5921
2045 5921
2046 5921
285220 5921
2047 5921
2048 5921
2049 5921
2050 5921
2051 5921
7852 2770
7852 2771
7852 2773
6585 6092
6585 6091
9353 6092
9353 6091
6092 23380
6092 57522
6092 9901
6091 23380
6091 57522
6091 9901
10371 8829
10512 8829
223117 8829
56920 8829
6405 8829
7869 8829
9723 8829
3897 8829
5361 5879
5361 5880
5361 5881
5362 5879
5362 5880
5362 5881
55558 5879
55558 5880
55558 5881
5361 27289
5362 27289
55558 27289
23654 23365
5364 23365
5365 23365
23365 387
23654 27289
5364 27289
5365 27289
27289 23365
8482 3688
8482 10154
10505 23654
10505 5364
10505 5365
10507 23654
10507 5364
10507 5365
10509 23654
10509 5364
10509 5365
54910 23654
54910 5364
54910 5365
57715 23654
57715 5364
57715 5365
64218 23654
64218 5364
64218 5365
2534 1020
5335 11261
5335 5530
5335 5532
5335 5533
5335 5534
5335 5535
5335 63928
5336 11261
5336 5530
5336 5532
5336 5533
5336 5534
5336 5535
5336 63928
5335 5578
5335 5579
5335 5582
5336 5578
5336 5579
5336 5582
5335 100137049
5335 26279
5335 30814
5335 50487
5335 5319
5335 5320
5335 5321
5335 5322
5335 64600
5335 81579
5335 8398
5335 8399
5335 84647
5335 8681
5336 100137049
5336 26279
5336 30814
5336 50487
5336 5319
5336 5320
5336 5321
5336 5322
5336 64600
5336 81579
5336 8398
5336 8399
5336 84647
5336 8681
5335 4846
5336 4846
23533 5879
23533 5880
23533 5881
5290 5879
5290 5880
5290 5881
5291 5879
5291 5880
5291 5881
5293 5879
5293 5880
5293 5881
5294 5879
5294 5880
5294 5881
5295 5879
5295 5880
5295 5881
5296 5879
5296 5880
5296 5881
8503 5879
8503 5880
8503 5881
3791 9047
3791 5335
3791 5336
3791 25759
3791 5747
3791 5829
3791 998
3791 23533
3791 5290
3791 5291
3791 5293
3791 5294
3791 5295
3791 5296
3791 8503
3791 6714
6714 23533
6714 5290
6714 5291
6714 5293
6714 5294
6714 5295
6714 5296
6714 8503
998 1432
998 5600
998 5603
998 6300
9855 387
387 1729
387 23396
103910 60
103910 646048
103910 646821
103910 648921
103910 71
10398 60
10398 646048
10398 646821
10398 648921
10398 71
10627 60
10627 646048
10627 646821
10627 648921
10627 71
29895 60
29895 646048
29895 646821
29895 648921
29895 71
4633 60
4633 646048
4633 646821
4633 648921
4633 71
4636 60
4636 646048
4636 646821
4636 648921
4636 71
58498 60
58498 646048
58498 646821
58498 648921
58498 71
93408 60
93408 646048
93408 646821
93408 648921
93408 71
3688 6714
3690 6714
3691 6714
3693 6714
3694 6714
3695 6714
3696 6714
3690 5747
3691 5747
3693 5747
3694 5747
3695 5747
3696 5747
5747 23533
5747 5290
5747 5291
5747 5293
5747 5294
5747 5295
5747 5296
5747 8503
10451 5879
10451 5880
10451 5881
7409 5879
7409 5880
7409 5881
7410 5879
7410 5880
7410 5881
857 2534
858 2534
859 2534
9564 1398
9564 1399
1398 1793
1399 1793
1793 5879
1793 5880
1793 5881
1398 2889
1399 2889
2889 5906
2889 5908
5906 5599
5906 5601
5906 5602
5908 5599
5908 5601
5908 5602
1398 5829
1399 5829
3265 23533
3265 5290
3265 5291
3265 5293
3265 5294
3265 5295
3265 5296
3265 8503
1956 5747
2064 5747
2321 5747
2324 5747
3480 5747
4233 5747
5156 5747
5159 5747
1956 23533
1956 5290
1956 5291
1956 5293
1956 5294
1956 5295
1956 5296
1956 8503
2321 23533
2321 5290
2321 5291
2321 5293
2321 5294
2321 5295
2321 5296
2321 8503
2324 23533
2324 5290
2324 5291
2324 5293
2324 5294
2324 5295
2324 5296
2324 8503
3480 23533
3480 5290
3480 5291
3480 5293
3480 5294
3480 5295
3480 5296
3480 8503
4233 23533
4233 5290
4233 5291
4233 5293
4233 5294
4233 5295
4233 5296
4233 8503
5156 23533
5156 5290
5156 5291
5156 5293
5156 5294
5156 5295
5156 5296
5156 8503
5159 23533
5159 5290
5159 5291
5159 5293
5159 5294
5159 5295
5159 5296
5159 8503
1950 2064
1950 2321
1950 2324
1950 3480
1950 3791
1950 4233
1950 5156
1950 5159
2277 1956
2277 2064
2277 2321
2277 3480
2277 4233
2277 5156
2277 5159
3082 1956
3082 2064
3082 2321
3082 2324
3082 3480
3082 3791
3082 5156
3082 5159
3479 1956
3479 2064
3479 2321
3479 2324
3479 3480
3479 3791
3479 4233
3479 5156
3479 5159
5154 1956
5154 2064
5154 2321
5154 2324
5154 3480
5154 3791
5154 4233
5155 1956
5155 2064
5155 2321
5155 2324
5155 3480
5155 3791
5155 4233
5228 1956
5228 2064
5228 2321
5228 2324
5228 3480
5228 3791
5228 4233
5228 5156
5228 5159
56034 1956
56034 2064
56034 2321
56034 2324
56034 3480
56034 3791
56034 4233
56034 5159
7422 1956
7422 2064
7422 2324
7422 3480
7422 4233
7422 5156
7422 5159
7423 1956
7423 2064
7423 2324
7423 3480
7423 3791
7423 4233
7423 5156
7423 5159
7424 1956
7424 2064
7424 2321
7424 3480
7424 4233
7424 5156
7424 5159
80310 1956
80310 2064
80310 2321
80310 2324
80310 3480
80310 3791
80310 4233
80310 5156
80310 5159
2321 25759
2321 399694
2321 53358
2321 6464
2324 25759
2324 399694
2324 53358
2324 6464
3480 25759
3480 399694
3480 53358
3480 6464
3791 399694
3791 53358
3791 6464
4233 25759
4233 399694
4233 53358
4233 6464
5156 25759
5156 399694
5156 53358
5156 6464
5159 25759
5159 399694
5159 53358
5159 6464
10319 3688
10319 3690
10319 3691
10319 3693
10319 3694
10319 3695
10319 3696
10319 22801
10319 3655
10319 3672
10319 3673
10319 3674
10319 3675
10319 3676
10319 3678
10319 3679
10319 3680
10319 3685
10319 8515
10319 8516
1101 3688
1101 3690
1101 3691
1101 3693
1101 3694
1101 3695
1101 3696
1101 22801
1101 3655
1101 3672
1101 3673
1101 3674
1101 3675
1101 3676
1101 3678
1101 3679
1101 3680
1101 3685
1101 8515
1101 8516
1277 3688
1277 3690
1277 3691
1277 3693
1277 3694
1277 3695
1277 3696
1277 22801
1277 3655
1277 3672
1277 3673
1277 3674
1277 3675
1277 3676
1277 3678
1277 3679
1277 3680
1277 3685
1277 8515
1277 8516
1278 3688
1278 3690
1278 3691
1278 3693
1278 3694
1278 3695
1278 3696
1278 22801
1278 3655
1278 3672
1278 3673
1278 3674
1278 3675
1278 3676
1278 3678
1278 3679
1278 3680
1278 3685
1278 8515
1278 8516
1280 3688
1280 3690
1280 3691
1280 3693
1280 3694
1280 3695
1280 3696
1280 22801
1280 3655
1280 3672
1280 3673
1280 3674
1280 3675
1280 3676
1280 3678
1280 3679
1280 3680
1280 3685
1280 8515
1280 8516
1281 3688
1281 3690
1281 3691
1281 3693
1281 3694
1281 3695
1281 3696
1281 22801
1281 3655
1281 3672
1281 3673
1281 3674
1281 3675
1281 3676
1281 3678
1281 3679
1281 3680
1281 3685
1281 8515
1281 8516
1282 3688
1282 3690
1282 3691
1282 3693
1282 3694
1282 3695
1282 3696
1282 22801
1282 3655
1282 3672
1282 3673
1282 3674
1282 3675
1282 3676
1282 3678
1282 3679
1282 3680
1282 3685
1282 8515
1282 8516
1284 3688
1284 3690
1284 3691
1284 3693
1284 3694
1284 3695
1284 3696
1284 22801
1284 3655
1284 3672
1284 3673
1284 3674
1284 3675
1284 3676
1284 3678
1284 3679
1284 3680
1284 3685
1284 8515
1284 8516
1286 3688
1286 3690
1286 3691
1286 3693
1286 3694
1286 3695
1286 3696
1286 22801
1286 3655
1286 3672
1286 3673
1286 3674
1286 3675
1286 3676
1286 3678
1286 3679
1286 3680
1286 3685
1286 8515
1286 8516
1288 3688
1288 3690
1288 3691
1288 3693
1288 3694
1288 3695
1288 3696
1288 22801
1288 3655
1288 3672
1288 3673
1288 3674
1288 3675
1288 3676
1288 3678
1288 3679
1288 3680
1288 3685
1288 8515
1288 8516
1289 3688
1289 3690
1289 3691
1289 3693
1289 3694
1289 3695
1289 3696
1289 22801
1289 3655
1289 3672
1289 3673
1289 3674
1289 3675
1289 3676
1289 3678
1289 3679
1289 3680
1289 3685
1289 8515
1289 8516
1290 3688
1290 3690
1290 3691
1290 3693
1290 3694
1290 3695
1290 3696
1290 22801
1290 3655
1290 3672
1290 3673
1290 3674
1290 3675
1290 3676
1290 3678
1290 3679
1290 3680
1290 3685
1290 8515
1290 8516
1291 3688
1291 3690
1291 3691
1291 3693
1291 3694
1291 3695
1291 3696
1291 22801
1291 3655
1291 3672
1291 3673
1291 3674
1291 3675
1291 3676
1291 3678
1291 3679
1291 3680
1291 3685
1291 8515
1291 8516
1292 3688
1292 3690
1292 3691
1292 3693
1292 3694
1292 3695
1292 3696
1292 22801
1292 3655
1292 3672
1292 3673
1292 3674
1292 3675
1292 3676
1292 3678
1292 3679
1292 3680
1292 3685
1292 8515
1292 8516
1293 3688
1293 3690
1293 3691
1293 3693
1293 3694
1293 3695
1293 3696
1293 22801
1293 3655
1293 3672
1293 3673
1293 3674
1293 3675
1293 3676
1293 3678
1293 3679
1293 3680
1293 3685
1293 8515
1293 8516
1301 3688
1301 3690
1301 3691
1301 3693
1301 3694
1301 3695
1301 3696
1301 22801
1301 3655
1301 3672
1301 3673
1301 3674
1301 3675
1301 3676
1301 3678
1301 3679
1301 3680
1301 3685
1301 8515
1301 8516
1302 3688
1302 3690
1302 3691
1302 3693
1302 3694
1302 3695
1302 3696
1302 22801
1302 3655
1302 3672
1302 3673
1302 3674
1302 3675
1302 3676
1302 3678
1302 3679
1302 3680
1302 3685
1302 8515
1302 8516
1311 3688
1311 3690
1311 3691
1311 3693
1311 3694
1311 3695
1311 3696
1311 22801
1311 3655
1311 3672
1311 3673
1311 3674
1311 3675
1311 3676
1311 3678
1311 3679
1311 3680
1311 3685
1311 8515
1311 8516
131873 3688
131873 3690
131873 3691
131873 3693
131873 3694
131873 3695
131873 3696
131873 22801
131873 3655
131873 3672
131873 3673
131873 3674
131873 3675
131873 3676
131873 3678
131873 3679
131873 3680
131873 3685
131873 8515
131873 8516
22798 3688
22798 3690
22798 3691
22798 3693
22798 3694
22798 3695
22798 3696
22798 22801
22798 3655
22798 3672
22798 3673
22798 3674
22798 3675
22798 3676
22798 3678
22798 3679
22798 3680
22798 3685
22798 8515
22798 8516
2335 3688
2335 3690
2335 3691
2335 3693
2335 3694
2335 3695
2335 3696
2335 22801
2335 3655
2335 3672
2335 3673
2335 3674
2335 3675
2335 3676
2335 3678
2335 3679
2335 3680
2335 3685
2335 8515
2335 8516
284217 3688
284217 3690
284217 3691
284217 3693
284217 3694
284217 3695
284217 3696
284217 22801
284217 3655
284217 3672
284217 3673
284217 3674
284217 3675
284217 3676
284217 3678
284217 3679
284217 3680
284217 3685
284217 8515
284217 8516
3371 3688
3371 3690
3371 3691
3371 3693
3371 3694
3371 3695
3371 3696
3371 22801
3371 3655
3371 3672
3371 3673
3371 3674
3371 3675
3371 3676
3371 3678
3371 3679
3371 3680
3371 3685
3371 8515
3371 8516
3381 3688
3381 3690
3381 3691
3381 3693
3381 3694
3381 3695
3381 3696
3381 22801
3381 3655
3381 3672
3381 3673
3381 3674
3381 3675
3381 3676
3381 3678
3381 3679
3381 3680
3381 3685
3381 8515
3381 8516
3908 3688
3908 3690
3908 3691
3908 3693
3908 3694
3908 3695
3908 3696
3908 22801
3908 3655
3908 3672
3908 3673
3908 3674
3908 3675
3908 3676
3908 3678
3908 3679
3908 3680
3908 3685
3908 8515
3908 8516
3909 3688
3909 3690
3909 3691
3909 3693
3909 3694
3909 3695
3909 3696
3909 22801
3909 3655
3909 3672
3909 3673
3909 3674
3909 3675
3909 3676
3909 3678
3909 3679
3909 3680
3909 3685
3909 8515
3909 8516
3910 3688
3910 3690
3910 3691
3910 3693
3910 3694
3910 3695
3910 3696
3910 22801
3910 3655
3910 3672
3910 3673
3910 3674
3910 3675
3910 3676
3910 3678
3910 3679
3910 3680
3910 3685
3910 8515
3910 8516
3911 3688
3911 3690
3911 3691
3911 3693
3911 3694
3911 3695
3911 3696
3911 22801
3911 3655
3911 3672
3911 3673
3911 3674
3911 3675
3911 3676
3911 3678
3911 3679
3911 3680
3911 3685
3911 8515
3911 8516
3912 3688
3912 3690
3912 3691
3912 3693
3912 3694
3912 3695
3912 3696
3912 22801
3912 3655
3912 3672
3912 3673
3912 3674
3912 3675
3912 3676
3912 3678
3912 3679
3912 3680
3912 3685
3912 8515
3912 8516
3913 3688
3913 3690
3913 3691
3913 3693
3913 3694
3913 3695
3913 3696
3913 22801
3913 3655
3913 3672
3913 3673
3913 3674
3913 3675
3913 3676
3913 3678
3913 3679
3913 3680
3913 3685
3913 8515
3913 8516
3914 3688
3914 3690
3914 3691
3914 3693
3914 3694
3914 3695
3914 3696
3914 22801
3914 3655
3914 3672
3914 3673
3914 3674
3914 3675
3914 3676
3914 3678
3914 3679
3914 3680
3914 3685
3914 8515
3914 8516
3915 3688
3915 3690
3915 3691
3915 3693
3915 3694
3915 3695
3915 3696
3915 22801
3915 3655
3915 3672
3915 3673
3915 3674
3915 3675
3915 3676
3915 3678
3915 3679
3915 3680
3915 3685
3915 8515
3915 8516
3918 3688
3918 3690
3918 3691
3918 3693
3918 3694
3918 3695
3918 3696
3918 22801
3918 3655
3918 3672
3918 3673
3918 3674
3918 3675
3918 3676
3918 3678
3918 3679
3918 3680
3918 3685
3918 8515
3918 8516
50509 3688
50509 3690
50509 3691
50509 3693
50509 3694
50509 3695
50509 3696
50509 22801
50509 3655
50509 3672
50509 3673
50509 3674
50509 3675
50509 3676
50509 3678
50509 3679
50509 3680
50509 3685
50509 8515
50509 8516
5649 3688
5649 3690
5649 3691
5649 3693
5649 3694
5649 3695
5649 3696
5649 22801
5649 3655
5649 3672
5649 3673
5649 3674
5649 3675
5649 3676
5649 3678
5649 3679
5649 3680
5649 3685
5649 8515
5649 8516
63923 3688
63923 3690
63923 3691
63923 3693
63923 3694
63923 3695
63923 3696
63923 22801
63923 3655
63923 3672
63923 3673
63923 3674
63923 3675
63923 3676
63923 3678
63923 3679
63923 3680
63923 3685
63923 8515
63923 8516
6696 3688
6696 3690
6696 3691
6696 3693
6696 3694
6696 3695
6696 3696
6696 22801
6696 3655
6696 3672
6696 3673
6696 3674
6696 3675
6696 3676
6696 3678
6696 3679
6696 3680
6696 3685
6696 8515
6696 8516
7057 3688
7057 3690
7057 3691
7057 3693
7057 3694
7057 3695
7057 3696
7057 22801
7057 3655
7057 3672
7057 3673
7057 3674
7057 3675
7057 3676
7057 3678
7057 3679
7057 3680
7057 3685
7057 8515
7057 8516
7058 3688
7058 3690
7058 3691
7058 3693
7058 3694
7058 3695
7058 3696
7058 22801
7058 3655
7058 3672
7058 3673
7058 3674
7058 3675
7058 3676
7058 3678
7058 3679
7058 3680
7058 3685
7058 8515
7058 8516
7059 3688
7059 3690
7059 3691
7059 3693
7059 3694
7059 3695
7059 3696
7059 22801
7059 3655
7059 3672
7059 3673
7059 3674
7059 3675
7059 3676
7059 3678
7059 3679
7059 3680
7059 3685
7059 8515
7059 8516
7060 3688
7060 3690
7060 3691
7060 3693
7060 3694
7060 3695
7060 3696
7060 22801
7060 3655
7060 3672
7060 3673
7060 3674
7060 3675
7060 3676
7060 3678
7060 3679
7060 3680
7060 3685
7060 8515
7060 8516
7143 3688
7143 3690
7143 3691
7143 3693
7143 3694
7143 3695
7143 3696
7143 22801
7143 3655
7143 3672
7143 3673
7143 3674
7143 3675
7143 3676
7143 3678
7143 3679
7143 3680
7143 3685
7143 8515
7143 8516
7148 3688
7148 3690
7148 3691
7148 3693
7148 3694
7148 3695
7148 3696
7148 22801
7148 3655
7148 3672
7148 3673
7148 3674
7148 3675
7148 3676
7148 3678
7148 3679
7148 3680
7148 3685
7148 8515
7148 8516
7448 3688
7448 3690
7448 3691
7448 3693
7448 3694
7448 3695
7448 3696
7448 22801
7448 3655
7448 3672
7448 3673
7448 3674
7448 3675
7448 3676
7448 3678
7448 3679
7448 3680
7448 3685
7448 8515
7448 8516
7450 3688
7450 3690
7450 3691
7450 3693
7450 3694
7450 3695
7450 3696
7450 22801
7450 3655
7450 3672
7450 3673
7450 3674
7450 3675
7450 3676
7450 3678
7450 3679
7450 3680
7450 3685
7450 8515
7450 8516
1277 960
1278 960
1280 960
1281 960
1282 960
1284 960
1286 960
1288 960
1289 960
1290 960
1291 960
1292 960
1293 960
1301 960
1302 960
131873 960
50509 960
2335 960
10319 960
22798 960
284217 960
3908 960
3909 960
3910 960
3911 960
3912 960
3913 960
3914 960
3915 960
3918 960
1277 6382
1277 6383
1277 6385
1277 9672
1278 6382
1278 6383
1278 6385
1278 9672
1280 6382
1280 6383
1280 6385
1280 9672
1281 6382
1281 6383
1281 6385
1281 9672
1282 6382
1282 6383
1282 6385
1282 9672
1284 6382
1284 6383
1284 6385
1284 9672
1286 6382
1286 6383
1286 6385
1286 9672
1288 6382
1288 6383
1288 6385
1288 9672
1289 6382
1289 6383
1289 6385
1289 9672
1290 6382
1290 6383
1290 6385
1290 9672
1291 6382
1291 6383
1291 6385
1291 9672
1292 6382
1292 6383
1292 6385
1292 9672
1293 6382
1293 6383
1293 6385
1293 9672
1301 6382
1301 6383
1301 6385
1301 9672
1302 6382
1302 6383
1302 6385
1302 9672
131873 6382
131873 6383
131873 6385
131873 9672
50509 6382
50509 6383
50509 6385
50509 9672
2335 6382
2335 6383
2335 6385
2335 9672
1311 6382
1311 6383
1311 6385
1311 9672
7057 6382
7057 6383
7057 6385
7057 9672
7058 6382
7058 6383
7058 6385
7058 9672
7059 6382
7059 6383
7059 6385
7059 9672
7060 6382
7060 6383
7060 6385
7060 9672
3371 6382
3371 6383
3371 6385
3371 9672
63923 6382
63923 6383
63923 6385
63923 9672
7143 6382
7143 6383
7143 6385
7143 9672
7148 6382
7148 6383
7148 6385
7148 9672
10319 22987
10319 9899
10319 9900
22798 22987
22798 9899
22798 9900
284217 22987
284217 9899
284217 9900
3908 22987
3908 9899
3908 9900
3909 22987
3909 9899
3909 9900
3910 22987
3910 9899
3910 9900
3911 22987
3911 9899
3911 9900
3912 22987
3912 9899
3912 9900
3913 22987
3913 9899
3913 9900
3914 22987
3914 9899
3914 9900
3915 22987
3915 9899
3915 9900
3918 22987
3918 9899
3918 9900
1311 948
7057 948
7058 948
7059 948
7060 948
7450 2815
7450 2812
7450 2811
7450 2814
1277 51206
1278 51206
1280 51206
1281 51206
1282 51206
1284 51206
1286 51206
1288 51206
1289 51206
1290 51206
1291 51206
1292 51206
1293 51206
1301 51206
1302 51206
131873 51206
50509 51206
10319 1605
22798 1605
284217 1605
3908 1605
3909 1605
3910 1605
3911 1605
3912 1605
3913 1605
3914 1605
3915 1605
3918 1605
375790 1605
3339 1605
1311 961
7057 961
7058 961
7059 961
7060 961
965 914
941 940
941 1493
942 940
942 1493
3108 920
3109 920
3111 920
3112 920
3113 920
3115 920
3117 920
3118 920
3119 920
3122 920
3123 920
3125 920
3126 920
3127 920
3105 925
3105 926
3106 925
3106 926
3107 925
3107 926
3133 925
3133 926
3134 925
3134 926
3135 925
3135 926
649853 925
649853 926
29126 5133
80380 5133
23308 29851
3689 10666
3683 10666
3689 3383
3689 3384
3689 3385
3683 3383
3683 3384
3683 3385
3383 3689
3383 3683
3384 3689
3384 3683
3385 3689
3385 3683
940 941
3684 3383
3688 7412
3676 7412
3680 7412
6404 6403
6404 6401
5175 5175
5817 10666
5819 10666
1000 1000
9369 22871
9369 54413
9369 57502
9369 57555
9378 22871
9378 54413
9378 57502
9378 57555
9379 22871
9379 54413
9379 57502
9379 57555
1272 4897
4684 4684
4684 4685
4685 4684
4685 4685
3897 3897
5818 5818
999 999
1002 1002
9855 998
998 8976
998 7454
998 8826
4301 60
4301 646048
4301 646821
4301 648921
4301 71
387 60
387 646048
387 646821
387 648921
387 71
5879 8826
5880 8826
5881 8826
5879 10163
5879 10810
5879 8936
5879 10458
5880 10163
5880 10810
5880 8936
5880 10458
5881 10163
5881 10810
5881 8936
5881 10458
1499 1499
25945 56288
5818 56288
5819 56288
81607 56288
8976 60
8976 646048
8976 646821
8976 648921
8976 71
7454 60
7454 646048
7454 646821
7454 648921
7454 71
8826 60
8826 646048
8826 646821
8826 648921
8826 71
1500 5879
1500 5880
1500 5881
1500 998
10163 60
10163 646048
10163 646821
10163 648921
10163 71
10810 60
10810 646048
10810 646821
10810 648921
10810 71
8936 60
8936 646048
8936 646821
8936 648921
8936 71
10458 60
10458 646048
10458 646821
10458 648921
10458 71
56288 150084
56288 50848
56288 58494
56288 83700
22800 4301
22808 4301
3265 4301
3845 4301
4893 4301
6237 4301
260425 5728
9863 5728
5578 60
5578 646048
5578 646821
5578 648921
5578 71
5579 60
5579 646048
5579 646821
5579 648921
5579 71
5580 60
5580 646048
5580 646821
5580 648921
5580 71
5581 60
5581 646048
5581 646821
5581 648921
5581 71
5582 60
5582 646048
5582 646821
5582 648921
5582 71
5583 60
5583 646048
5583 646821
5583 648921
5583 71
5588 60
5588 646048
5588 646821
5588 648921
5588 71
5578 387
5579 387
5580 387
5581 387
5582 387
5583 387
5588 387
998 50855
998 84552
998 84612
1902 2770
1902 2771
1902 2773
2770 3265
2770 3845
2770 4893
2771 3265
2771 3845
2771 4893
2773 3265
2773 3845
2773 4893
5156 2885
5159 2885
5156 6714
5159 6714
6714 10746
10746 5607
2778 111
2778 112
1813 2770
1813 2771
1813 2773
2160 2158
2158 2159
2159 2147
2147 2243
2147 2244
2147 2266
2155 2159
2152 2159
2147 2162
2147 2165
2147 7056
7056 5624
5624 5054
2147 2158
2147 2160
5328 5329
2161 5340
2161 3818
3818 5340
3818 3827
3827 2161
715 720
715 721
716 720
716 721
712 720
712 721
713 720
713 721
714 720
714 721
720 718
721 718
717 718
718 727
727 729
729 730
730 731
730 732
730 733
731 735
732 735
733 735
10747 720
10747 721
5648 720
5648 721
727 728
718 719
5327 5340
5328 5340
3439 10197
3439 5720
3439 5721
3440 10197
3440 5720
3440 5721
3441 10197
3441 5720
3441 5721
3442 10197
3442 5720
3442 5721
3443 10197
3443 5720
3443 5721
3444 10197
3444 5720
3444 5721
3445 10197
3445 5720
3445 5721
3446 10197
3446 5720
3446 5721
3447 10197
3447 5720
3447 5721
3448 10197
3448 5720
3448 5721
3449 10197
3449 5720
3449 5721
3451 10197
3451 5720
3451 5721
3452 10197
3452 5720
3452 5721
4049 10197
4049 5720
4049 5721
4261 5993
4261 5994
4261 8625
4261 1385
4261 4800
4261 4801
4261 4802
3105 115653
3105 3802
3105 3803
3105 3804
3105 3805
3105 3806
3105 3808
3105 3809
3105 3810
3105 3811
3105 3812
3105 3821
3105 3822
3105 3823
3105 3824
3105 57292
3105 8302
3106 115653
3106 3802
3106 3803
3106 3804
3106 3805
3106 3806
3106 3808
3106 3809
3106 3810
3106 3811
3106 3812
3106 3821
3106 3822
3106 3823
3106 3824
3106 57292
3106 8302
3107 115653
3107 3802
3107 3803
3107 3804
3107 3805
3107 3806
3107 3808
3107 3809
3107 3810
3107 3811
3107 3812
3107 3821
3107 3822
3107 3823
3107 3824
3107 57292
3107 8302
3133 115653
3133 3802
3133 3803
3133 3804
3133 3805
3133 3806
3133 3808
3133 3809
3133 3810
3133 3811
3133 3812
3133 3821
3133 3822
3133 3823
3133 3824
3133 57292
3133 8302
3134 115653
3134 3802
3134 3803
3134 3804
3134 3805
3134 3806
3134 3808
3134 3809
3134 3810
3134 3811
3134 3812
3134 3821
3134 3822
3134 3823
3134 3824
3134 57292
3134 8302
3135 115653
3135 3802
3135 3803
3135 3804
3135 3805
3135 3806
3135 3808
3135 3809
3135 3810
3135 3811
3135 3812
3135 3821
3135 3822
3135 3823
3135 3824
3135 57292
3135 8302
649853 115653
649853 3802
649853 3803
649853 3804
649853 3805
649853 3806
649853 3808
649853 3809
649853 3810
649853 3811
649853 3812
649853 3821
649853 3822
649853 3823
649853 3824
649853 57292
649853 8302
3108 972
3109 972
1508 972
1514 972
1520 972
5641 972
7097 5879
7097 4615
7097 54472
7097 114609
4615 8772
4615 3654
4615 51135
929 7099
7099 4615
4615 7189
114609 7189
7189 6885
7189 3663
7099 353376
353376 148022
7100 4615
3654 7189
51135 7189
54106 4615
7098 148022
148022 7187
7187 29110
7187 9641
8737 6885
148022 7189
148022 8737
10254 3716
10254 3717
10254 3718
10254 7297
8027 3716
8027 3717
8027 3718
8027 7297
4276 22914
4277 22914
79465 22914
80328 22914
80329 22914
962 51744
3002 836
3002 637
3811 5777
3811 5781
3812 5777
3812 5781
3802 5777
3803 5777
3804 5777
3805 5777
57292 5777
3802 5781
3803 5781
3804 5781
3805 5781
57292 5781
3824 5777
3821 5777
3824 5781
3821 5781
3689 2185
3683 2185
3689 10451
3689 7409
3689 7410
3683 10451
3683 7409
3683 7410
51744 117157
51744 4068
4068 2534
7305 7535
7305 6850
2207 7535
2207 6850
919 7535
919 6850
7535 23533
7535 5290
7535 5291
7535 5293
7535 5294
7535 5295
7535 5296
7535 8503
6850 23533
6850 5290
6850 5291
6850 5293
6850 5294
6850 5295
6850 5296
6850 8503
10870 5335
10870 5336
10870 23533
10870 5290
10870 5291
10870 5293
10870 5294
10870 5295
10870 5296
10870 8503
5335 10451
5335 7409
5335 7410
5336 10451
5336 7409
5336 7410
2185 5879
2185 5880
2185 5881
3937 2885
27040 2885
7535 25759
7535 399694
7535 53358
7535 6464
6850 25759
6850 399694
6850 53358
6850 6464
10870 2885
27040 5335
27040 5336
51744 27040
3439 3459
3439 3460
3440 3459
3440 3460
3441 3459
3441 3460
3442 3459
3442 3460
3443 3459
3443 3460
3444 3459
3444 3460
3445 3459
3445 3460
3446 3459
3446 3460
3447 3459
3447 3460
3448 3459
3448 3460
3449 3459
3449 3460
3451 3459
3451 3460
3452 3459
3452 3460
3456 3459
3456 3460
3458 3454
3458 3455
29851 959
29851 23533
29851 5290
29851 5291
29851 5293
29851 5294
29851 5295
29851 5296
29851 8503
940 2885
6654 10125
6655 10125
10451 387
10451 998
7409 387
7409 998
7410 387
7410 998
940 23533
940 5290
940 5291
940 5293
940 5294
940 5295
940 5296
940 8503
5588 6885
10892 3551
10892 1147
8915 3551
8915 1147
84433 3551
84433 1147
930 23533
930 5290
930 5291
930 5293
930 5294
930 5295
930 5296
930 8503
930 10451
930 7409
930 7410
5879 5609
5879 6416
5880 5609
5880 6416
5881 5609
5881 6416
5879 5606
5879 5608
5879 650832
5880 5606
5880 5608
5880 650832
5881 5606
5881 5608
5881 650832
6850 9846
3937 5335
3937 5336
3937 10451
3937 7409
3937 7410
5906 3688
5906 3676
5908 3688
5908 3676
83593 3688
83593 3676
5906 3683
5906 3689
5908 3683
5908 3689
83593 3683
83593 3689
5906 3684
5908 3684
83593 3684
10411 5906
10411 5908
10411 83593
11069 5906
11069 5908
11069 83593
7294 10451
7294 7409
7294 7410
23533 3702
23533 7294
5290 3702
5290 7294
5291 3702
5291 7294
5293 3702
5293 7294
5294 3702
5294 7294
5295 3702
5295 7294
5296 3702
5296 7294
8503 3702
8503 7294
2770 23533
2770 5290
2770 5291
2770 5293
2770 5294
2770 5295
2770 5296
2770 8503
2771 23533
2771 5290
2771 5291
2771 5293
2771 5294
2771 5295
2771 5296
2771 8503
2773 23533
2773 5290
2773 5291
2773 5293
2773 5294
2773 5295
2773 5296
2773 8503
3383 5335
3383 5336
5879 1536
5879 27035
5879 50508
5879 1535
5879 4688
5879 653361
5879 4689
5566 5594
5566 5595
5567 5594
5567 5595
5568 5594
5568 5595
5613 5594
5613 5595
5616 5594
5616 5595
163688 11261
163688 5530
163688 5532
163688 5533
163688 5534
163688 5535
163688 63928
51806 11261
51806 5530
51806 5532
51806 5533
51806 5534
51806 5535
51806 63928
801 11261
801 5530
801 5532
801 5533
801 5534
801 5535
801 63928
805 11261
805 5530
805 5532
805 5533
805 5534
805 5535
805 63928
808 11261
808 5530
808 5532
808 5533
808 5534
808 5535
808 63928
810 11261
810 5530
810 5532
810 5533
810 5534
810 5535
810 63928
163688 815
163688 816
163688 817
163688 818
51806 815
51806 816
51806 817
51806 818
801 815
801 816
801 817
801 818
805 815
805 816
805 817
805 818
808 815
808 816
808 817
808 818
810 815
810 816
810 817
810 818
5906 369
5906 5894
5908 369
5908 5894
163688 3265
163688 3845
163688 4893
51806 3265
51806 3845
51806 4893
801 3265
801 3845
801 4893
805 3265
805 3845
805 4893
808 3265
808 3845
808 4893
810 3265
810 3845
810 4893
163688 814
51806 814
801 814
805 814
808 814
810 814
815 2911
815 2915
816 2911
816 2915
817 2911
817 2915
818 2911
818 2915
5592 10842
5593 10842
2911 10672
2911 2768
2911 2770
2911 2771
2911 2773
2911 2775
2911 2778
2911 2781
2915 10672
2915 2768
2915 2770
2915 2771
2915 2773
2915 2775
2915 2778
2915 2781
10672 100137049
10672 26279
10672 30814
10672 50487
10672 5319
10672 5320
10672 5321
10672 5322
10672 64600
10672 81579
10672 8398
10672 8399
10672 84647
10672 8681
2768 100137049
2768 26279
2768 30814
2768 50487
2768 5319
2768 5320
2768 5321
2768 5322
2768 64600
2768 81579
2768 8398
2768 8399
2768 84647
2768 8681
2770 100137049
2770 26279
2770 30814
2770 50487
2770 5319
2770 5320
2770 5321
2770 5322
2770 64600
2770 81579
2770 8398
2770 8399
2770 84647
2770 8681
2771 100137049
2771 26279
2771 30814
2771 50487
2771 5319
2771 5320
2771 5321
2771 5322
2771 64600
2771 81579
2771 8398
2771 8399
2771 84647
2771 8681
2773 100137049
2773 26279
2773 30814
2773 50487
2773 5319
2773 5320
2773 5321
2773 5322
2773 64600
2773 81579
2773 8398
2773 8399
2773 84647
2773 8681
2775 100137049
2775 26279
2775 30814
2775 50487
2775 5319
2775 5320
2775 5321
2775 5322
2775 64600
2775 81579
2775 8398
2775 8399
2775 84647
2775 8681
2778 100137049
2778 26279
2778 30814
2778 50487
2778 5319
2778 5320
2778 5321
2778 5322
2778 64600
2778 81579
2778 8398
2778 8399
2778 84647
2778 8681
2781 100137049
2781 26279
2781 30814
2781 50487
2781 5319
2781 5320
2781 5321
2781 5322
2781 64600
2781 81579
2781 8398
2781 8399
2781 84647
2781 8681
2890 4067
2891 4067
2892 4067
4067 5578
4067 5579
4067 5582
1392 1394
1394 10672
1394 2768
1394 2770
1394 2771
1394 2773
1394 2775
1394 2778
1394 2781
3480 10672
3480 2768
3480 2770
3480 2771
3480 2773
3480 2775
3480 2778
3480 2781
10798 2774
119678 2774
119679 2774
119682 2774
119687 2774
119692 2774
119694 2774
119695 2774
119749 2774
119764 2774
119765 2774
119772 2774
119774 2774
120065 2774
120066 2774
120586 2774
120775 2774
120776 2774
120787 2774
120793 2774
120796 2774
121130 2774
121275 2774
121364 2774
122740 2774
122742 2774
122748 2774
124538 2774
125958 2774
125962 2774
125963 2774
126370 2774
126541 2774
127059 2774
127062 2774
127064 2774
127066 2774
127068 2774
127069 2774
127074 2774
127077 2774
127385 2774
127623 2774
128360 2774
128367 2774
128368 2774
128371 2774
128372 2774
130075 2774
134083 2774
135924 2774
135941 2774
135946 2774
135948 2774
138799 2774
138802 2774
138803 2774
138804 2774
138805 2774
138881 2774
138882 2774
138883 2774
143496 2774
143502 2774
143503 2774
144124 2774
144125 2774
150681 2774
158131 2774
162998 2774
196335 2774
219417 2774
219428 2774
219429 2774
219431 2774
219432 2774
219436 2774
219437 2774
219438 2774
219447 2774
219453 2774
219464 2774
219469 2774
219473 2774
219477 2774
219479 2774
219482 2774
219484 2774
219487 2774
219493 2774
219858 2774
219865 2774
219869 2774
219870 2774
219873 2774
219874 2774
219875 2774
219952 2774
219954 2774
219956 2774
219957 2774
219958 2774
219959 2774
219960 2774
219965 2774
219968 2774
219981 2774
219982 2774
219983 2774
219986 2774
23538 2774
254783 2774
254786 2774
254879 2774
254973 2774
255725 2774
256144 2774
256148 2774
256892 2774
26188 2774
26189 2774
26211 2774
26212 2774
26219 2774
26245 2774
26246 2774
26248 2774
26333 2774
26338 2774
26339 2774
26476 2774
26492 2774
26493 2774
26494 2774
26496 2774
26529 2774
26531 2774
26532 2774
26533 2774
26534 2774
26538 2774
26539 2774
26658 2774
26659 2774
26664 2774
26682 2774
26683 2774
26686 2774
26689 2774
26692 2774
26696 2774
26707 2774
26716 2774
26735 2774
26737 2774
26740 2774
282763 2774
282770 2774
282775 2774
283092 2774
283093 2774
283111 2774
283159 2774
283160 2774
283162 2774
283189 2774
283297 2774
283365 2774
283694 2774
284383 2774
284433 2774
284521 2774
284532 2774
285659 2774
286362 2774
286365 2774
338662 2774
338674 2774
338675 2774
338751 2774
338755 2774
340980 2774
341152 2774
341276 2774
341416 2774
341418 2774
341568 2774
341799 2774
343169 2774
343171 2774
343172 2774
343173 2774
343406 2774
343563 2774
346517 2774
346525 2774
346528 2774
347168 2774
347169 2774
347468 2774
387748 2774
389090 2774
390036 2774
390037 2774
390038 2774
390054 2774
390058 2774
390059 2774
390061 2774
390063 2774
390064 2774
390066 2774
390067 2774
390072 2774
390075 2774
390077 2774
390078 2774
390079 2774
390081 2774
390083 2774
390084 2774
390093 2774
390113 2774
390142 2774
390144 2774
390151 2774
390152 2774
390154 2774
390155 2774
390157 2774
390162 2774
390167 2774
390168 2774
390174 2774
390181 2774
390191 2774
390195 2774
390197 2774
390199 2774
390201 2774
390260 2774
390261 2774
390264 2774
390265 2774
390275 2774
390321 2774
390323 2774
390326 2774
390327 2774
390429 2774
390431 2774
390433 2774
390436 2774
390437 2774
390439 2774
390442 2774
390445 2774
390538 2774
390648 2774
390649 2774
390882 2774
390883 2774
390892 2774
391107 2774
391109 2774
391112 2774
391114 2774
391189 2774
391190 2774
391191 2774
391192 2774
391194 2774
391195 2774
391196 2774
391211 2774
392138 2774
392309 2774
392376 2774
392390 2774
392391 2774
392392 2774
393046 2774
401427 2774
401665 2774
401666 2774
401667 2774
401992 2774
401993 2774
401994 2774
402135 2774
402317 2774
441608 2774
441639 2774
441669 2774
441670 2774
441911 2774
441933 2774
442186 2774
442191 2774
442194 2774
442361 2774
4991 2774
4992 2774
4993 2774
4994 2774
4995 2774
504189 2774
56656 2774
79290 2774
79295 2774
79310 2774
79317 2774
7932 2774
79324 2774
79339 2774
79345 2774
79473 2774
79501 2774
79541 2774
79544 2774
81050 2774
81061 2774
81099 2774
81127 2774
81168 2774
81282 2774
81285 2774
81300 2774
81309 2774
81318 2774
81327 2774
81328 2774
81392 2774
81399 2774
81442 2774
81448 2774
81469 2774
81470 2774
81472 2774
81696 2774
81697 2774
81797 2774
8383 2774
8385 2774
8386 2774
8387 2774
8388 2774
8390 2774
8392 2774
8590 2774
83756 346562
80835 346562
346562 5136
2782 5330
2784 5330
2785 5330
51764 5330
259285 346562
259286 346562
259287 346562
259289 346562
259290 346562
259291 346562
259292 346562
259294 346562
259295 346562
259296 346562
338398 346562
353164 346562
50831 346562
50832 346562
50833 346562
50834 346562
50835 346562
50836 346562
50837 346562
50838 346562
50839 346562
50840 346562
54429 346562
5726 346562
80834 346562
80834 2778
83756 2778
2782 112
2782 114
2782 196883
2784 112
2784 114
2784 196883
2785 112
2785 114
2785 196883
51764 112
51764 114
51764 196883
2149 10672
2149 2768
929 10672
929 2768
10672 23365
10672 9138
2768 23365
2768 9138
9138 387
387 1730
1729 345456
1729 375189
1729 5216
1729 5217
1730 345456
1730 375189
1730 5216
1730 5217
1956 6654
1956 6655
2260 6654
2260 6655
2261 6654
2261 6655
2263 6654
2263 6655
2264 6654
2264 6655
3645 6654
3645 6655
5156 6654
5156 6655
5159 6654
5159 6655
22800 369
22808 369
6237 369
22800 23533
22800 5290
22800 5291
22800 5293
22800 5294
22800 5295
22800 5296
22800 8503
22808 23533
22808 5290
22808 5291
22808 5293
22808 5294
22808 5295
22808 5296
22808 8503
3845 23533
3845 5290
3845 5291
3845 5293
3845 5294
3845 5295
3845 5296
3845 8503
4893 23533
4893 5290
4893 5291
4893 5293
4893 5294
4893 5295
4893 5296
4893 8503
6237 23533
6237 5290
6237 5291
6237 5293
6237 5294
6237 5295
6237 5296
6237 8503
22800 9459
22808 9459
3265 9459
3845 9459
4893 9459
6237 9459
22801 1445
3655 1445
3672 1445
3673 1445
3674 1445
3675 1445
3676 1445
3678 1445
3679 1445
3680 1445
3681 1445
3682 1445
3683 1445
3684 1445
3685 1445
3687 1445
3688 1445
3689 1445
3690 1445
3691 1445
3693 1445
3694 1445
3695 1445
3696 1445
8515 1445
8516 1445
22801 1398
22801 1399
22801 9564
22801 5747
3655 1398
3655 1399
3655 9564
3655 5747
3672 1398
3672 1399
3672 9564
3672 5747
3673 1398
3673 1399
3673 9564
3673 5747
3674 1398
3674 1399
3674 9564
3674 5747
3675 1398
3675 1399
3675 9564
3675 5747
3676 1398
3676 1399
3676 9564
3676 5747
3678 1398
3678 1399
3678 9564
3678 5747
3679 1398
3679 1399
3679 9564
3679 5747
3680 1398
3680 1399
3680 9564
3680 5747
3681 1398
3681 1399
3681 9564
3681 5747
3682 1398
3682 1399
3682 9564
3682 5747
3683 1398
3683 1399
3683 9564
3683 5747
3684 1398
3684 1399
3684 9564
3684 5747
3685 1398
3685 1399
3685 9564
3685 5747
3687 1398
3687 1399
3687 9564
3687 5747
3688 1398
3688 1399
3688 9564
3689 1398
3689 1399
3689 9564
3689 5747
3690 1398
3690 1399
3690 9564
3691 1398
3691 1399
3691 9564
3693 1398
3693 1399
3693 9564
3694 1398
3694 1399
3694 9564
3695 1398
3695 1399
3695 9564
3696 1398
3696 1399
3696 9564
8515 1398
8515 1399
8515 9564
8515 5747
8516 1398
8516 1399
8516 9564
8516 5747
1128 55970
1129 55970
1131 55970
1132 55970
1133 55970
623 55970
624 55970
55970 2245
55970 89846
2245 998
89846 998
5879 10788
5879 128239
5880 10788
5880 128239
5881 10788
5881 128239
998 10788
998 128239
998 81624
81624 10458
10458 55740
7454 10092
7454 10093
7454 10094
7454 10095
7454 10109
7454 10552
7454 653888
7454 81873
8976 10092
8976 10093
8976 10094
8976 10095
8976 10109
8976 10552
8976 653888
8976 81873
10297 50649
324 50649
50649 5879
50649 5880
50649 5881
8936 10092
8936 10093
8936 10094
8936 10095
8936 10109
8936 10552
8936 653888
8936 81873
55845 10092
55845 10093
55845 10094
55845 10095
55845 10109
55845 10552
55845 653888
55845 81873
10458 10163
10163 10092
10163 10093
10163 10094
10163 10095
10163 10109
10163 10552
10163 653888
10163 81873
6548 4478
6548 5962
6548 7430
9564 1793
5747 1793
8874 28964
9459 28964
9459 5879
9459 5880
9459 5881
8874 5879
8874 5880
8874 5881
55970 10298
55970 5058
55970 5062
55970 5063
55970 56924
55970 57144
26230 5879
26230 5880
26230 5881
7074 5879
7074 5880
7074 5881
3630 3643
3667 2885
8471 2885
8660 2885
3667 23533
3667 5290
3667 5291
3667 5293
3667 5294
3667 5295
3667 5296
3667 8503
8471 23533
8471 5290
8471 5291
8471 5293
8471 5294
8471 5295
8471 5296
8471 8503
8660 23533
8660 5290
8660 5291
8660 5293
8660 5294
8660 5295
8660 5296
8660 8503
2889 23433
1398 23433
1399 23433
2796 2798
2797 2798
2798 2778
2798 2767
2798 2776
4313 1839
5443 4157
4157 2778
3815 3265
3815 3845
3815 4893
1906 1910
1910 2770
1910 2771
1910 2773
1910 2775
2770 23236
2770 5330
2770 5331
2770 5332
2771 23236
2771 5330
2771 5331
2771 5332
2773 23236
2773 5330
2773 5331
2773 5332
2775 23236
2775 5330
2775 5331
2775 5332
7133 7186
5588 1147
5588 3551
5588 8517
9370 51094
9370 79602
8717 7186
5588 5599
5588 5601
5588 5602
4023 4035
348 4035
823 8851
824 8851
7132 1616
7133 1616
57679 5868
3064 3708
30001 9601
5058 9020
102 1839
6868 1839
10092 60
10092 646048
10092 646821
10092 648921
10092 71
81873 60
81873 646048
81873 646821
81873 648921
81873 71
9181 387
3320 367
3326 367
7184 367
367 367
836 1630
1398 23533
1398 5290
1398 5291
1398 5293
1398 5294
1398 5295
1398 5296
1398 8503
1399 23533
1399 5290
1399 5291
1399 5293
1399 5294
1399 5295
1399 5296
1399 8503
23624 23533
23624 5290
23624 5291
23624 5293
23624 5294
23624 5295
23624 5296
23624 8503
867 23533
867 5290
867 5291
867 5293
867 5294
867 5295
867 5296
867 8503
868 23533
868 5290
868 5291
868 5293
868 5294
868 5295
868 5296
868 8503
25 6776
25 6777
613 6776
613 6777
25 2885
613 2885
1956 3716
2064 3716
3480 5335
3480 5336
3480 2885
3815 23533
3815 5290
3815 5291
3815 5293
3815 5294
3815 5295
3815 5296
3815 8503
3815 2885
2322 23533
2322 5290
2322 5291
2322 5293
2322 5294
2322 5295
2322 5296
2322 8503
2322 2885
4233 2885
2260 2885
2261 2885
2263 2885
3265 11186
3845 11186
4893 11186
5578 369
5578 673
5579 369
5579 673
5582 369
5582 673
3265 5900
3845 5900
4893 5900
5900 5898
5900 5899
5898 10928
5899 10928
5898 5337
5899 5337
5900 387
5900 5879
5900 5880
5900 5881
1163 6502
2122 1487
2122 1488
2122 3065
2122 3066
861 1487
861 1488
861 3065
861 3066
2549 1398
2549 1399
2549 5781
2549 2885
5879 4790
5879 5970
5880 4790
5880 5970
5881 4790
5881 5970
10000 598
207 598
208 598
23533 5170
5290 5170
5291 5170
5293 5170
5294 5170
5295 5170
5296 5170
8503 5170
1950 2260
1950 2263
1950 3645
3479 2260
3479 2263
3479 3645
3630 1956
3630 2064
3630 2260
3630 2263
3630 3480
3630 3645
3630 5156
3630 5159
5154 2260
5154 2263
5154 3645
5155 2260
5155 2263
5155 3645
56034 2260
56034 2263
56034 3645
7039 2064
7039 2260
7039 2263
7039 3480
7039 3645
7039 5156
7039 5159
80310 2260
80310 2263
80310 3645
2260 23533
2260 5290
2260 5291
2260 5293
2260 5294
2260 5295
2260 5296
2260 8503
2263 23533
2263 5290
2263 5291
2263 5293
2263 5294
2263 5295
2263 5296
2263 8503
3645 23533
3645 5290
3645 5291
3645 5293
3645 5294
3645 5295
3645 5296
3645 8503
3645 2885
2246 1956
2246 3480
2246 4233
2246 5156
2246 5159
2247 1956
2247 3480
2247 4233
2247 5156
2247 5159
2248 1956
2248 3480
2248 4233
2248 5156
2248 5159
2249 1956
2249 3480
2249 4233
2249 5156
2249 5159
2250 1956
2250 3480
2250 4233
2250 5156
2250 5159
2251 1956
2251 3480
2251 4233
2251 5156
2251 5159
2252 1956
2252 3480
2252 4233
2252 5156
2252 5159
2253 1956
2253 3480
2253 4233
2253 5156
2253 5159
2254 1956
2254 3480
2254 4233
2254 5156
2254 5159
2255 1956
2255 3480
2255 4233
2255 5156
2255 5159
2256 1956
2256 3480
2256 4233
2256 5156
2256 5159
2257 1956
2257 3480
2257 4233
2257 5156
2257 5159
2258 1956
2258 3480
2258 4233
2258 5156
2258 5159
2259 1956
2259 3480
2259 4233
2259 5156
2259 5159
26281 1956
26281 3480
26281 4233
26281 5156
26281 5159
26291 1956
26291 3480
26291 4233
26291 5156
26291 5159
27006 1956
27006 3480
27006 4233
27006 5156
27006 5159
3082 2260
8074 1956
8074 3480
8074 4233
8074 5156
8074 5159
8817 1956
8817 3480
8817 4233
8817 5156
8817 5159
8822 1956
8822 3480
8822 4233
8822 5156
8822 5159
8823 1956
8823 3480
8823 4233
8823 5156
8823 5159
9965 1956
9965 3480
9965 4233
9965 5156
9965 5159
1956 3265
1956 3845
1956 4893
2260 3265
2260 3845
2260 4893
3480 3265
3480 3845
3480 4893
4233 3265
4233 3845
4233 4893
5156 3265
5156 3845
5156 4893
5159 3265
5159 3845
5159 4893
2885 9846
9846 23533
9846 5290
9846 5291
9846 5293
9846 5294
9846 5295
9846 5296
9846 8503
9846 5781
3815 6774
3815 6776
3815 6777
2322 6774
2322 6776
2322 6777
712 717
713 717
714 717
715 717
716 717
11261 572
5530 572
5532 572
5533 572
5534 572
5535 572
63928 572
52 1499
5797 1499
5787 1499
5792 1499
5797 1500
5770 1499
5777 1500
5795 1500
5499 2997
5499 2998
5500 2997
5500 2998
5501 2997
5501 2998
5506 2997
5506 2998
5507 2997
5507 2998
5509 2997
5509 2998
79660 2997
79660 2998
1956 5335
1956 5336
1956 23624
1956 867
1956 868
1956 6776
1956 6777
1956 1398
1956 1399
1956 25759
1956 399694
1956 53358
1956 6464
2064 25759
2064 399694
2064 53358
2064 6464
2065 25759
2065 399694
2065 53358
2065 6464
2066 25759
2066 399694
2066 53358
2066 6464
6714 5747
369 5604
369 5605
2066 6776
2066 6777
10000 2475
207 2475
208 2475
2475 6198
2475 6199
1022 983
9020 1147
9020 3551
9020 8517
1147 4792
3551 4792
8517 4792
10000 1147
10000 3551
10000 8517
207 1147
207 3551
207 8517
208 1147
208 3551
208 8517
2534 5361
2534 5362
2534 55558
2932 1808
1020 1808
2242 1808
2242 5361
2242 5362
2242 55558
10298 3984
10298 3985
5058 3984
5058 3985
5062 3984
5062 3985
5063 3984
5063 3985
56924 3984
56924 3985
57144 3984
57144 3985
5578 56848
5578 8877
5579 56848
5579 8877
5582 56848
5582 8877
10000 4846
207 4846
208 4846
4638 103910
4638 10398
4638 10627
4638 29895
4638 4633
4638 4636
4638 58498
4638 93408
85366 103910
85366 10398
85366 10627
85366 29895
85366 4633
85366 4636
85366 58498
85366 93408
91807 103910
91807 10398
91807 10627
91807 29895
91807 4633
91807 4636
91807 58498
91807 93408
5747 25759
5747 399694
5747 53358
5747 6464
2534 25759
2534 399694
2534 53358
2534 6464
5578 5747
5579 5747
5582 5747
6714 9855
1457 1499
1459 1499
1460 1499
7525 2534
7525 2241
5584 56288
5590 56288
51776 7082
1453 2697
7189 3665
51135 3654
3654 3665
29110 3665
9641 3665
29110 3661
9641 3661
5058 5605
3932 7305
2534 7305
2534 2207
2534 919
7535 3937
7535 27040
6850 3937
6850 27040
2534 51744
5594 2353
5594 3725
5595 2353
5595 3725
5609 6885
5601 2353
7535 1432
7535 5600
7535 5603
7535 6300
5588 84433
4067 2206
4067 2207
695 5335
6850 5335
6850 10451
6850 7409
6850 7410
2534 9846
5566 2890
5566 2891
5567 2890
5567 2891
5568 2890
5568 2891
5613 2890
5613 2891
5616 2890
5616 2891
815 2890
815 2891
816 2890
816 2891
817 2890
817 2891
818 2890
818 2891
5566 5502
5567 5502
5568 5502
5613 5502
5616 5502
814 1387
814 2033
5566 5132
5567 5132
5568 5132
5613 5132
5616 5132
5592 109
5593 109
3643 10603
3643 23624
3643 867
3643 868
3643 25759
3643 399694
3643 53358
3643 6464
3643 3667
3643 8471
3643 8660
5170 6198
5170 6199
10000 5139
10000 5140
207 5139
207 5140
208 5139
208 5140
163688 5834
163688 5836
163688 5837
51806 5834
51806 5836
51806 5837
5255 5834
5255 5836
5255 5837
5256 5834
5256 5836
5256 5837
5257 5834
5257 5836
5257 5837
5260 5834
5260 5836
5260 5837
5261 5834
5261 5836
5261 5837
801 5834
801 5836
801 5837
805 5834
805 5836
805 5837
808 5834
808 5836
808 5837
810 5834
810 5836
810 5837
5566 3991
5567 3991
5568 3991
5573 3991
5575 3991
5576 3991
5577 3991
5613 3991
5616 3991
2872 1977
2872 253314
2872 9470
8569 1977
8569 253314
8569 9470
5566 468
5567 468
5568 468
5613 468
5616 468
10746 5606
10746 5608
10746 650832
4214 5606
4214 5608
4214 650832
4215 5606
4215 5608
4215 650832
4216 5606
4216 5608
4216 650832
4214 5609
6714 1956
5580 5894
5566 1387
5566 2033
5566 10488
5566 1385
5566 148327
5566 64764
5566 84699
5566 90993
5567 1387
5567 2033
5567 10488
5567 1385
5567 148327
5567 64764
5567 84699
5567 90993
5568 1387
5568 2033
5568 10488
5568 1385
5568 148327
5568 64764
5568 84699
5568 90993
5613 1387
5613 2033
5613 10488
5613 1385
5613 148327
5613 64764
5613 84699
5613 90993
5616 1387
5616 2033
5616 10488
5616 1385
5616 148327
5616 64764
5616 84699
5616 90993
11211 2775
11211 2776
2535 2775
2535 2776
7855 2775
7855 2776
7976 2775
7976 2776
8321 2775
8321 2776
8322 2775
8322 2776
8323 2775
8323 2776
8324 2775
8324 2776
8325 2775
8325 2776
8326 2775
8326 2776
2775 1855
2775 1856
2775 1857
2776 1855
2776 1856
2776 1857
5594 4286
5595 4286
5579 7299
6558 5566
6558 5567
6558 5568
6558 5613
6558 5616
3784 5566
3784 5567
3784 5568
3784 5613
3784 5616
5566 109
5566 115
5567 109
5567 115
5568 109
5568 115
5613 109
5613 115
5616 109
5616 115
3784 6558
6558 109
6558 115
3784 109
3784 115
5578 5335
5578 5336
5579 5335
5579 5336
5582 5335
5582 5336
5566 1080
5567 1080
5568 1080
5613 1080
5616 1080
5578 58
5578 59
5578 70
5578 72
5579 58
5579 59
5579 70
5579 72
5582 58
5582 59
5582 70
5582 72
25 1398
25 1399
25 23624
25 867
25 868
613 1398
613 1399
613 23624
613 867
613 868
10000 4193
207 4193
208 4193
5594 2113
5595 2113
4233 2549
5604 5599
5604 5601
5604 5602
5604 5290
5604 5291
5604 5293
5604 5294
5605 5290
5605 5291
5605 5293
5605 5294
5594 9252
5595 9252
25 25759
25 399694
25 53358
25 6464
613 25759
613 399694
613 53358
613 6464
8915 8517
84433 8517
10892 8517
5922 22800
5922 22808
5922 3265
5922 3845
5922 4893
5922 6237
4763 22800
4763 22808
4763 3265
4763 3845
4763 4893
4763 6237
5921 22800
5921 22808
5921 3265
5921 3845
5921 4893
5921 6237
2122 5599
2122 5601
2122 5602
3303 5599
3303 5601
3303 5602
3304 5599
3304 5601
3304 5602
3305 5599
3305 5601
3305 5602
3306 5599
3306 5601
3306 5602
3310 5599
3310 5601
3310 5602
3312 5599
3312 5601
3312 5602
5350 100133672
5350 487
5350 488
5350 489
4193 5925
4193 7157
10744 9700
9232 9700
9700 27127
9700 8243
1027 1019
1027 1021
1027 595
1027 894
1027 896
1028 1019
1028 1021
1028 595
1028 894
1028 896
1027 1017
1027 890
1027 8900
1028 1017
1028 890
1028 8900
1026 1019
1026 1021
1026 595
1026 894
1026 896
1026 1017
1026 898
1026 9134
1026 890
1026 8900
5111 1019
5111 1021
5111 595
5111 894
5111 896
1029 1019
1029 1021
1029 595
1029 894
1029 896
1030 1019
1030 1021
1030 595
1030 894
1030 896
1031 1019
1031 1021
1031 595
1031 894
1031 896
1032 1019
1032 1021
1032 595
1032 894
1032 896
2810 85417
2810 891
2810 9133
10912 85417
10912 891
10912 9133
1647 85417
1647 891
1647 9133
4616 85417
4616 891
4616 9133
701 100131844
701 10393
701 246184
701 29882
701 29945
701 51433
701 51434
701 51529
701 64682
701 650621
701 729948
701 730314
701 8697
701 8881
701 996
701 991
10459 100131844
10459 10393
10459 246184
10459 29882
10459 29945
10459 51433
10459 51434
10459 51529
10459 64682
10459 650621
10459 729948
10459 730314
10459 8697
10459 8881
10459 996
10459 991
4085 100131844
4085 10393
4085 246184
4085 29882
4085 29945
4085 51433
4085 51434
4085 51529
4085 64682
4085 650621
4085 729948
4085 730314
4085 8697
4085 8881
4085 996
4085 991
8379 100131844
8379 10393
8379 246184
8379 29882
8379 29945
8379 51433
8379 51434
8379 51529
8379 64682
8379 650621
8379 729948
8379 730314
8379 8697
8379 8881
8379 996
8379 991
1029 4193
4194 7157
2810 983
10912 983
1647 983
4616 983
3486 3479
1978 1977
1978 253314
1978 9470
6009 673
7249 6009
329 839
330 839
331 839
329 836
330 836
331 836
596 7157
8837 8772
8837 8717
329 840
330 840
331 840
329 842
330 842
331 842
6422 51384
6422 54361
6422 7471
6422 7472
6422 7473
6422 7474
6422 7475
6422 7476
6422 7477
6422 7478
6422 7479
6422 7480
6422 7481
6422 7482
6422 7483
6422 7484
6422 80326
6422 81029
6422 89780
6423 51384
6423 54361
6423 7471
6423 7472
6423 7473
6423 7474
6423 7475
6423 7476
6423 7477
6423 7478
6423 7479
6423 7480
6423 7481
6423 7482
6423 7483
6423 7484
6423 80326
6423 81029
6423 89780
6424 51384
6424 54361
6424 7471
6424 7472
6424 7473
6424 7474
6424 7475
6424 7476
6424 7477
6424 7478
6424 7479
6424 7480
6424 7481
6424 7482
6424 7483
6424 7484
6424 80326
6424 81029
6424 89780
6425 51384
6425 54361
6425 7471
6425 7472
6425 7473
6425 7474
6425 7475
6425 7476
6425 7477
6425 7478
6425 7479
6425 7480
6425 7481
6425 7482
6425 7483
6425 7484
6425 80326
6425 81029
6425 89780
6422 11211
6422 2535
6422 7855
6422 7976
6422 8321
6422 8322
6422 8323
6422 8324
6422 8325
6422 8326
6423 11211
6423 2535
6423 7855
6423 7976
6423 8321
6423 8322
6423 8323
6423 8324
6423 8325
6423 8326
6424 11211
6424 2535
6424 7855
6424 7976
6424 8321
6424 8322
6424 8323
6424 8324
6424 8325
6424 8326
6425 11211
6425 2535
6425 7855
6425 7976
6425 8321
6425 8322
6425 8323
6425 8324
6425 8325
6425 8326
9350 51384
9350 54361
9350 7471
9350 7472
9350 7473
9350 7474
9350 7475
9350 7476
9350 7477
9350 7478
9350 7479
9350 7480
9350 7481
9350 7482
9350 7483
9350 7484
9350 80326
9350 81029
9350 89780
11197 51384
11197 54361
11197 7471
11197 7472
11197 7473
11197 7474
11197 7475
11197 7476
11197 7477
11197 7478
11197 7479
11197 7480
11197 7481
11197 7482
11197 7483
11197 7484
11197 80326
11197 81029
11197 89780
22943 4040
22943 4041
27121 4040
27121 4041
27123 4040
27123 4041
80319 1855
80319 1856
80319 1857
59343 1855
59343 1856
59343 1857
1855 2932
1856 2932
1857 2932
56998 1499
64321 51176
64321 6932
64321 6934
64321 83439
57680 1499
1487 51176
1487 6932
1487 6934
1487 83439
1488 51176
1488 6932
1488 6934
1488 83439
182 4851
182 4853
182 4854
182 4855
3714 4851
3714 4853
3714 4854
3714 4855
1855 4851
1855 4853
1855 4854
1855 4855
1856 4851
1856 4853
1856 4854
1856 4855
1857 4851
1857 4853
1857 4854
1857 4855
8650 4851
8650 4853
8650 4854
8650 4855
9253 4851
9253 4853
9253 4854
9253 4855
3065 11317
3065 3516
3066 11317
3066 3516
1487 11317
1487 3516
1488 11317
1488 3516
9541 11317
9541 3516
9612 11317
9612 3516
64399 3549
64399 50846
64399 6469
2619 3549
2619 50846
2619 6469
23291 2735
23291 2736
23291 2737
8945 2735
8945 2736
8945 2737
51715 6608
4609 1030
8454 4087
8454 4088
9978 4087
9978 4088
6500 4087
6500 4088
728622 4087
728622 4088
4091 4087
4091 4088
4092 4087
4092 4088
4091 4086
4091 4090
4091 4093
4092 4086
4092 4090
4092 4093
8646 151449
8646 268
8646 353500
8646 392255
8646 650
8646 652
8646 653
8646 654
8646 655
8646 656
8646 8200
9241 151449
9241 268
9241 353500
9241 392255
9241 650
9241 652
9241 653
9241 654
9241 655
9241 656
9241 8200
1311 4052
7057 4052
7058 4052
7059 4052
7060 4052
4052 7040
4052 7042
4052 7043
1634 7040
1634 7042
1634 7043
3624 7040
3624 7042
3624 7043
3625 7040
3625 7042
3625 7043
3626 7040
3626 7042
3626 7043
83729 7040
83729 7042
83729 7043
10637 7040
10637 7042
10637 7043
7044 7040
7044 7042
7044 7043
10468 3624
10468 3625
10468 3626
10468 83729
3624 4838
3625 4838
3626 4838
83729 4838
10637 4838
7044 4838
57154 7048
57154 130399
57154 7046
57154 91
64750 7048
64750 130399
64750 7046
64750 91
1630 387
5998 2770
5998 2771
5998 2773
25791 5879
25791 5880
25791 5881
25791 998
23380 998
57522 998
9901 998
64221 6091
29984 27289
23654 5879
23654 5880
23654 5881
5364 5879
5364 5880
5364 5881
5365 5879
5365 5880
5365 5881
2909 387
394 387
8826 1499
6714 387
5728 10000
5728 207
5728 208
2770 107
2770 108
2770 109
2770 111
2770 112
2770 113
2770 114
2770 115
2770 196883
2771 107
2771 108
2771 109
2771 111
2771 112
2771 113
2771 114
2771 115
2771 196883
2773 107
2773 108
2773 109
2773 111
2773 112
2773 113
2773 114
2773 115
2773 196883
5627 2153
5624 2153
5627 2157
5624 2157
7035 2155
7035 2152
7035 2153
7035 2159
3053 2147
5054 5327
5345 5340
5054 5328
462 2160
462 2158
462 2159
462 2147
5104 2147
2 5340
2 5627
2 5624
2 2147
5265 5340
710 715
722 720
722 721
725 720
725 721
966 731
966 732
966 733
966 735
3426 718
1604 718
4179 718
3075 718
3075 629
5104 5627
5104 5624
5627 2147
5624 2147
1154 6772
1154 6773
1154 6774
1154 6775
1154 6776
1154 6777
1154 6778
5777 116379
5777 1271
5777 1438
5777 1439
5777 1441
5777 149233
5777 163702
5777 2057
5777 2690
5777 3454
5777 3455
5777 3459
5777 3460
5777 3559
5777 3560
5777 3561
5777 3563
5777 3566
5777 3568
5777 3570
5777 3572
5777 3575
5777 3581
5777 3587
5777 3588
5777 3590
5777 3594
5777 3595
5777 3597
5777 3598
5777 3601
5777 3953
5777 3977
5777 4352
5777 50615
5777 53832
5777 53833
5777 5618
5777 58985
5777 64109
5777 9180
5777 3716
5777 3717
5777 3718
5777 7297
10401 6772
10401 6773
10401 6774
10401 6775
10401 6776
10401 6777
10401 6778
51588 6772
51588 6773
51588 6774
51588 6775
51588 6776
51588 6777
51588 6778
8554 6772
8554 6773
8554 6774
8554 6775
8554 6776
8554 6777
8554 6778
9063 6772
9063 6773
9063 6774
9063 6775
9063 6776
9063 6777
9063 6778
7070 2909
7070 394
5906 387
5908 387
6494 5906
6494 5908
1407 406
1407 4862
1407 9575
1408 406
1408 4862
1408 9575
1453 406
1453 4862
1453 9575
1454 406
1454 4862
1454 9575
5187 406
5187 4862
5187 9575
8863 406
8863 4862
8863 9575
8864 406
8864 4862
8864 9575
5502 4659
5502 5499
5502 5500
5502 5501
4659 815
4659 816
4659 817
4659 818
5499 815
5499 816
5499 817
5499 818
5500 815
5500 816
5500 817
5500 818
5501 815
5501 816
5501 817
5501 818
11261 5502
5530 5502
5532 5502
5533 5502
5534 5502
5535 5502
63928 5502
10842 5515
10842 5516
10842 5518
10842 5519
5515 5604
5515 5605
5516 5604
5516 5605
5518 5604
5518 5605
5519 5604
5519 5605
5515 5594
5515 5595
5516 5594
5516 5595
5518 5594
5518 5595
5519 5594
5519 5595
5515 5578
5515 5579
5515 5582
5516 5578
5516 5579
5516 5582
5518 5578
5518 5579
5518 5582
5519 5578
5519 5579
5519 5582
409 10798
409 119678
409 119679
409 119682
409 119687
409 119692
409 119694
409 119695
409 119749
409 119764
409 119765
409 119772
409 119774
409 120065
409 120066
409 120586
409 120775
409 120776
409 120787
409 120793
409 120796
409 121130
409 121275
409 121364
409 122740
409 122742
409 122748
409 124538
409 125958
409 125962
409 125963
409 126370
409 126541
409 127059
409 127062
409 127064
409 127066
409 127068
409 127069
409 127074
409 127077
409 127385
409 127623
409 128360
409 128367
409 128368
409 128371
409 128372
409 130075
409 134083
409 135924
409 135941
409 135946
409 135948
409 138799
409 138802
409 138803
409 138804
409 138805
409 138881
409 138882
409 138883
409 143496
409 143502
409 143503
409 144124
409 144125
409 150681
409 158131
409 162998
409 196335
409 219417
409 219428
409 219429
409 219431
409 219432
409 219436
409 219437
409 219438
409 219447
409 219453
409 219464
409 219469
409 219473
409 219477
409 219479
409 219482
409 219484
409 219487
409 219493
409 219858
409 219865
409 219869
409 219870
409 219873
409 219874
409 219875
409 219952
409 219954
409 219956
409 219957
409 219958
409 219959
409 219960
409 219965
409 219968
409 219981
409 219982
409 219983
409 219986
409 23538
409 254783
409 254786
409 254879
409 254973
409 255725
409 256144
409 256148
409 256892
409 26188
409 26189
409 26211
409 26212
409 26219
409 26245
409 26246
409 26248
409 26333
409 26338
409 26339
409 26476
409 26492
409 26493
409 26494
409 26496
409 26529
409 26531
409 26532
409 26533
409 26534
409 26538
409 26539
409 26658
409 26659
409 26664
409 26682
409 26683
409 26686
409 26689
409 26692
409 26696
409 26707
409 26716
409 26735
409 26737
409 26740
409 282763
409 282770
409 282775
409 283092
409 283093
409 283111
409 283159
409 283160
409 283162
409 283189
409 283297
409 283365
409 283694
409 284383
409 284433
409 284521
409 284532
409 285659
409 286362
409 286365
409 338662
409 338674
409 338675
409 338751
409 338755
409 340980
409 341152
409 341276
409 341416
409 341418
409 341568
409 341799
409 343169
409 343171
409 343172
409 343173
409 343406
409 343563
409 346517
409 346525
409 346528
409 347168
409 347169
409 347468
409 387748
409 389090
409 390036
409 390037
409 390038
409 390054
409 390058
409 390059
409 390061
409 390063
409 390064
409 390066
409 390067
409 390072
409 390075
409 390077
409 390078
409 390079
409 390081
409 390083
409 390084
409 390093
409 390113
409 390142
409 390144
409 390151
409 390152
409 390154
409 390155
409 390157
409 390162
409 390167
409 390168
409 390174
409 390181
409 390191
409 390195
409 390197
409 390199
409 390201
409 390260
409 390261
409 390264
409 390265
409 390275
409 390321
409 390323
409 390326
409 390327
409 390429
409 390431
409 390433
409 390436
409 390437
409 390439
409 390442
409 390445
409 390538
409 390648
409 390649
409 390882
409 390883
409 390892
409 391107
409 391109
409 391112
409 391114
409 391189
409 391190
409 391191
409 391192
409 391194
409 391195
409 391196
409 391211
409 392138
409 392309
409 392376
409 392390
409 392391
409 392392
409 393046
409 401427
409 401665
409 401666
409 401667
409 401992
409 401993
409 401994
409 402135
409 402317
409 441608
409 441639
409 441669
409 441670
409 441911
409 441933
409 442186
409 442191
409 442194
409 442361
409 4991
409 4992
409 4993
409 4994
409 4995
409 504189
409 56656
409 79290
409 79295
409 79310
409 79317
409 7932
409 79324
409 79339
409 79345
409 79473
409 79501
409 79541
409 79544
409 81050
409 81061
409 81099
409 81127
409 81168
409 81282
409 81285
409 81300
409 81309
409 81318
409 81327
409 81328
409 81392
409 81399
409 81442
409 81448
409 81469
409 81470
409 81472
409 81696
409 81697
409 81797
409 8383
409 8385
409 8386
409 8387
409 8388
409 8390
409 8392
409 8590
5566 3745
5567 3745
5568 3745
5613 3745
5616 3745
28964 5829
8874 23365
8874 9138
9459 23365
9459 9138
387 5879
387 5880
387 5881
200576 2934
200576 85477
23396 2934
23396 85477
5305 2934
5305 85477
79837 2934
79837 85477
8394 2934
8394 85477
8395 2934
8395 85477
8396 2934
8396 85477
5879 10152
5879 10787
5879 3071
5879 23191
5879 26999
5880 10152
5880 10787
5880 3071
5880 23191
5880 26999
5881 10152
5881 10787
5881 3071
5881 23191
5881 26999
10152 8936
10152 55845
10787 8936
10787 55845
3071 8936
3071 55845
23191 8936
23191 55845
26999 8936
26999 55845
7248 6009
434 4157
9021 3667
9021 8471
9021 8660
2475 3667
2475 8471
2475 8660
122809 3667
122809 8471
122809 8660
8651 3667
8651 8471
8651 8660
8835 3667
8835 8471
8835 8660
3280 50674
5663 9451
5664 9451
5663 2081
5664 2081
5663 22926
5664 22926
351 2597
6647 596
6647 10452
6647 84134
6647 79139
6647 4747
1445 4067
1445 6714
5371 6688
5914 6688
652346 6688
652671 6688
861 6688
862 6688
861 1050
862 1050
4609 10401
4609 51588
4609 8554
4609 9063
4149 10401
4149 51588
4149 8554
4149 9063
5727 6608
572 598
10928 5879
10928 5880
10928 5881
10928 998
1027 898
1027 9134
10488 1387
10488 2033
1385 1387
1385 2033
148327 1387
148327 2033
468 1387
468 2033
64764 1387
64764 2033
84699 1387
84699 2033
90993 1387
90993 2033
9586 1387
9586 2033
1499 1387
1499 2033
2322 1050
2322 6688
5778 5594
5778 5595
5801 5594
5801 5595
84867 5594
84867 5595
11072 5594
11072 5595
11221 5594
11221 5595
1843 5594
1843 5595
1844 5594
1844 5595
1845 5594
1845 5595
1846 5594
1846 5595
1847 5594
1847 5595
1848 5594
1848 5595
1849 5594
1849 5595
1850 5594
1850 5595
1852 5594
1852 5595
80824 5594
80824 5595
11072 5599
11072 5601
11072 5602
11221 5599
11221 5601
11221 5602
1843 5599
1843 5601
1843 5602
1844 5599
1844 5601
1844 5602
1845 5599
1845 5601
1845 5602
1846 5599
1846 5601
1846 5602
1847 5599
1847 5601
1847 5602
1848 5599
1848 5601
1848 5602
1849 5599
1849 5601
1849 5602
1850 5599
1850 5601
1850 5602
1852 5599
1852 5601
1852 5602
80824 5599
80824 5601
80824 5602
11072 1432
11072 5600
11072 5603
11072 6300
11221 1432
11221 5600
11221 5603
11221 6300
1843 1432
1843 5600
1843 5603
1843 6300
1844 1432
1844 5600
1844 5603
1844 6300
1845 1432
1845 5600
1845 5603
1845 6300
1846 1432
1846 5600
1846 5603
1846 6300
1847 1432
1847 5600
1847 5603
1847 6300
1848 1432
1848 5600
1848 5603
1848 6300
1849 1432
1849 5600
1849 5603
1849 6300
1850 1432
1850 5600
1850 5603
1850 6300
1852 1432
1852 5600
1852 5603
1852 6300
80824 1432
80824 5600
80824 5603
80824 6300
5778 5599
5778 5601
5778 5602
5801 5599
5801 5601
5801 5602
84867 5599
84867 5601
84867 5602
5778 1432
5778 5600
5778 5603
5778 6300
5801 1432
5801 5600
5801 5603
5801 6300
84867 1432
84867 5600
84867 5603
84867 6300
5494 5606
5494 650832
5494 5608
5494 5609
5494 6416
5536 4217
5495 6885
4659 103910
4659 10398
4659 10627
4659 29895
4659 4633
4659 4636
4659 58498
4659 93408
5499 103910
5499 10398
5499 10627
5499 29895
5499 4633
5499 4636
5499 58498
5499 93408
5500 103910
5500 10398
5500 10627
5500 29895
5500 4633
5500 4636
5500 58498
5500 93408
5501 103910
5501 10398
5501 10627
5501 29895
5501 4633
5501 4636
5501 58498
5501 93408
5728 5747
5515 5584
5515 5590
5516 5584
5516 5590
5518 5584
5518 5590
5519 5584
5519 5590
5520 5584
5520 5590
5521 5584
5521 5590
5522 5584
5522 5590
55844 5584
55844 5590
5515 150084
5515 50848
5515 58494
5515 83700
5516 150084
5516 50848
5516 58494
5516 83700
5518 150084
5518 50848
5518 58494
5518 83700
5519 150084
5519 50848
5519 58494
5519 83700
5777 10451
5777 7409
5777 7410
5781 10451
5781 7409
5781 7410
5777 3937
5781 3937
5777 27040
5781 27040
5777 7535
5777 919
5777 695
5777 6850
5792 3643
5792 3667
5792 8471
5792 8660
5499 163688
5499 51806
5499 5255
5499 5256
5499 5257
5499 5260
5499 5261
5499 801
5499 805
5499 808
5499 810
5500 163688
5500 51806
5500 5255
5500 5256
5500 5257
5500 5260
5500 5261
5500 801
5500 805
5500 808
5500 810
5501 163688
5501 51806
5501 5255
5501 5256
5501 5257
5501 5260
5501 5261
5501 801
5501 805
5501 808
5501 810
5506 163688
5506 51806
5506 5255
5506 5256
5506 5257
5506 5260
5506 5261
5506 801
5506 805
5506 808
5506 810
5507 163688
5507 51806
5507 5255
5507 5256
5507 5257
5507 5260
5507 5261
5507 801
5507 805
5507 808
5507 810
5509 163688
5509 51806
5509 5255
5509 5256
5509 5257
5509 5260
5509 5261
5509 801
5509 805
5509 808
5509 810
79660 163688
79660 51806
79660 5255
79660 5256
79660 5257
79660 5260
79660 5261
79660 801
79660 805
79660 808
79660 810
122809 3643
8651 3643
8835 3643
9021 3643
5770 3643
5770 3667
5770 8471
5770 8660
5599 4773
5601 4773
5602 4773
5599 4776
5601 4776
5602 4776
10000 4217
207 4217
208 4217
10000 6416
207 6416
208 6416
2475 1978
10000 572
207 572
208 572
10000 2932
207 2932
208 2932
10000 1027
207 1027
208 1027
10000 1026
207 1026
208 1026
5566 5350
5567 5350
5568 5350
5613 5350
5616 5350
2932 595
2932 894
2932 896
1111 993
11200 993
1111 994
1111 995
11200 994
11200 995
1017 1027
1017 1028
898 1027
898 1028
9134 1027
9134 1028
1019 5925
1021 5925
595 5925
894 5925
896 5925
1017 5925
898 5925
9134 5925
890 5925
8900 5925
1019 5933
1019 5934
1021 5933
1021 5934
595 5933
595 5934
894 5933
894 5934
896 5933
896 5934
1017 990
890 990
8900 990
7465 983
9088 983
5347 9088
1017 1869
1017 1870
1017 1871
890 1869
890 1870
890 1871
8900 1869
8900 1870
8900 1871
2475 25989
2475 8408
2475 9706
5562 2475
5563 2475
10000 7249
207 7249
208 7249
5594 7249
5595 7249
27330 7249
6195 7249
6196 7249
6197 7249
5566 572
5567 572
5568 572
5573 572
5575 572
5576 572
5577 572
5613 572
5616 572
51701 51176
51701 6932
51701 6934
51701 83439
2932 1499
5566 2735
5566 2736
5566 2737
5567 2735
5567 2736
5567 2737
5568 2735
5568 2736
5568 2737
5613 2735
5613 2736
5613 2737
5616 2735
5616 2736
5616 2737
2932 2735
2932 2736
2932 2737
122011 2735
122011 2736
122011 2737
1452 2735
1452 2736
1452 2737
1453 2735
1453 2736
1453 2737
1454 2735
1454 2736
1454 2737
1455 2735
1455 2736
1455 2737
1456 2735
1456 2736
1456 2737
53944 2735
53944 2736
53944 2737
5594 4089
5594 4087
5594 4088
5595 4089
5595 4087
5595 4088
5594 4086
5594 4090
5594 4093
5595 4086
5595 4090
5595 4093
3984 1072
3984 1073
3985 1072
3985 1073
10000 842
207 842
208 842
6093 4659
6093 5499
6093 5500
6093 5501
9475 4659
9475 5499
9475 5500
9475 5501
10298 4638
10298 85366
10298 91807
5058 4638
5058 85366
5058 91807
5062 4638
5062 85366
5062 91807
5063 4638
5063 85366
5063 91807
56924 4638
56924 85366
56924 91807
57144 4638
57144 85366
57144 91807
5604 572
5894 572
4233 1500
1956 1500
2064 1500
3480 1499
4233 1499
1956 1499
2064 1499
2241 1499
2534 1499
6714 1499
2241 1500
2534 1500
7525 1500
5598 2697
5598 57369
5594 2697
5594 57369
5595 2697
5595 57369
983 2697
983 57369
2932 10725
2932 4772
2932 4773
2932 4775
2932 4776
157 10798
157 119678
157 119679
157 119682
157 119687
157 119692
157 119694
157 119695
157 119749
157 119764
157 119765
157 119772
157 119774
157 120065
157 120066
157 120586
157 120775
157 120776
157 120787
157 120793
157 120796
157 121130
157 121275
157 121364
157 122740
157 122742
157 122748
157 124538
157 125958
157 125962
157 125963
157 126370
157 126541
157 127059
157 127062
157 127064
157 127066
157 127068
157 127069
157 127074
157 127077
157 127385
157 127623
157 128360
157 128367
157 128368
157 128371
157 128372
157 130075
157 134083
157 135924
157 135941
157 135946
157 135948
157 138799
157 138802
157 138803
157 138804
157 138805
157 138881
157 138882
157 138883
157 143496
157 143502
157 143503
157 144124
157 144125
157 150681
157 158131
157 162998
157 196335
157 219417
157 219428
157 219429
157 219431
157 219432
157 219436
157 219437
157 219438
157 219447
157 219453
157 219464
157 219469
157 219473
157 219477
157 219479
157 219482
157 219484
157 219487
157 219493
157 219858
157 219865
157 219869
157 219870
157 219873
157 219874
157 219875
157 219952
157 219954
157 219956
157 219957
157 219958
157 219959
157 219960
157 219965
157 219968
157 219981
157 219982
157 219983
157 219986
157 23538
157 254783
157 254786
157 254879
157 254973
157 255725
157 256144
157 256148
157 256892
157 26188
157 26189
157 26211
157 26212
157 26219
157 26245
157 26246
157 26248
157 26333
157 26338
157 26339
157 26476
157 26492
157 26493
157 26494
157 26496
157 26529
157 26531
157 26532
157 26533
157 26534
157 26538
157 26539
157 26658
157 26659
157 26664
157 26682
157 26683
157 26686
157 26689
157 26692
157 26696
157 26707
157 26716
157 26735
157 26737
157 26740
157 282763
157 282770
157 282775
157 283092
157 283093
157 283111
157 283159
157 283160
157 283162
157 283189
157 283297
157 283365
157 283694
157 284383
157 284433
157 284521
157 284532
157 285659
157 286362
157 286365
157 338662
157 338674
157 338675
157 338751
157 338755
157 340980
157 341152
157 341276
157 341416
157 341418
157 341568
157 341799
157 343169
157 343171
157 343172
157 343173
157 343406
157 343563
157 346517
157 346525
157 346528
157 347168
157 347169
157 347468
157 387748
157 389090
157 390036
157 390037
157 390038
157 390054
157 390058
157 390059
157 390061
157 390063
157 390064
157 390066
157 390067
157 390072
157 390075
157 390077
157 390078
157 390079
157 390081
157 390083
157 390084
157 390093
157 390113
157 390142
157 390144
157 390151
157 390152
157 390154
157 390155
157 390157
157 390162
157 390167
157 390168
157 390174
157 390181
157 390191
157 390195
157 390197
157 390199
157 390201
157 390260
157 390261
157 390264
157 390265
157 390275
157 390321
157 390323
157 390326
157 390327
157 390429
157 390431
157 390433
157 390436
157 390437
157 390439
157 390442
157 390445
157 390538
157 390648
157 390649
157 390882
157 390883
157 390892
157 391107
157 391109
157 391112
157 391114
157 391189
157 391190
157 391191
157 391192
157 391194
157 391195
157 391196
157 391211
157 392138
157 392309
157 392376
157 392390
157 392391
157 392392
157 393046
157 401427
157 401665
157 401666
157 401667
157 401992
157 401993
157 401994
157 402135
157 402317
157 441608
157 441639
157 441669
157 441670
157 441911
157 441933
157 442186
157 442191
157 442194
157 442361
157 4991
157 4992
157 4993
157 4994
157 4995
157 504189
157 56656
157 79290
157 79295
157 79310
157 79317
157 7932
157 79324
157 79339
157 79345
157 79473
157 79501
157 79541
157 79544
157 81050
157 81061
157 81099
157 81127
157 81168
157 81282
157 81285
157 81300
157 81309
157 81318
157 81327
157 81328
157 81392
157 81399
157 81442
157 81448
157 81469
157 81470
157 81472
157 81696
157 81697
157 81797
157 8383
157 8385
157 8386
157 8387
157 8388
157 8390
157 8392
157 8590
815 109
816 109
817 109
818 109
5594 6093
5594 9475
5595 6093
5595 9475
10000 2308
207 2308
208 2308
2932 2997
2932 2998
51422 31
51422 32
53632 31
53632 32
5562 31
5562 32
5563 31
5563 32
5564 31
5564 32
5565 31
5565 32
5571 31
5571 32
5599 3667
5599 8471
5599 8660
5601 3667
5601 8471
5601 8660
5602 3667
5602 8471
5602 8660
3551 3667
3551 8471
3551 8660
1147 3667
1147 8471
1147 8660
8517 3667
8517 8471
8517 8660
5590 3667
5590 8471
5590 8660
5580 3667
5580 8471
5580 8660
5581 3667
5581 8471
5581 8660
10000 2309
207 2309
208 2309
2932 10488
2932 1385
2932 148327
2932 468
2932 64764
2932 84699
2932 90993
2932 9586
122809 116379
122809 1271
122809 1438
122809 1439
122809 1441
122809 149233
122809 163702
122809 2057
122809 2690
122809 3454
122809 3455
122809 3459
122809 3460
122809 3559
122809 3560
122809 3561
122809 3563
122809 3566
122809 3568
122809 3570
122809 3572
122809 3575
122809 3581
122809 3587
122809 3588
122809 3590
122809 3594
122809 3595
122809 3597
122809 3598
122809 3601
122809 3953
122809 3977
122809 4352
122809 50615
122809 53832
122809 53833
122809 5618
122809 58985
122809 64109
122809 9180
30837 116379
30837 1271
30837 1438
30837 1439
30837 1441
30837 149233
30837 163702
30837 2057
30837 2690
30837 3454
30837 3455
30837 3459
30837 3460
30837 3559
30837 3560
30837 3561
30837 3563
30837 3566
30837 3568
30837 3570
30837 3572
30837 3575
30837 3581
30837 3587
30837 3588
30837 3590
30837 3594
30837 3595
30837 3597
30837 3598
30837 3601
30837 3953
30837 3977
30837 4352
30837 50615
30837 53832
30837 53833
30837 5618
30837 58985
30837 64109
30837 9180
8651 116379
8651 1271
8651 1438
8651 1439
8651 1441
8651 149233
8651 163702
8651 2057
8651 2690
8651 3454
8651 3455
8651 3459
8651 3460
8651 3559
8651 3560
8651 3561
8651 3563
8651 3566
8651 3568
8651 3570
8651 3572
8651 3575
8651 3581
8651 3587
8651 3588
8651 3590
8651 3594
8651 3595
8651 3597
8651 3598
8651 3601
8651 3953
8651 3977
8651 4352
8651 50615
8651 53832
8651 53833
8651 5618
8651 58985
8651 64109
8651 9180
8835 116379
8835 1271
8835 1438
8835 1439
8835 1441
8835 149233
8835 163702
8835 2057
8835 2690
8835 3454
8835 3455
8835 3459
8835 3460
8835 3559
8835 3560
8835 3561
8835 3563
8835 3566
8835 3568
8835 3570
8835 3572
8835 3575
8835 3581
8835 3587
8835 3588
8835 3590
8835 3594
8835 3595
8835 3597
8835 3598
8835 3601
8835 3953
8835 3977
8835 4352
8835 50615
8835 53832
8835 53833
8835 5618
8835 58985
8835 64109
8835 9180
9021 116379
9021 1271
9021 1438
9021 1439
9021 1441
9021 149233
9021 163702
9021 2057
9021 2690
9021 3454
9021 3455
9021 3459
9021 3460
9021 3559
9021 3560
9021 3561
9021 3563
9021 3566
9021 3568
9021 3570
9021 3572
9021 3575
9021 3581
9021 3587
9021 3588
9021 3590
9021 3594
9021 3595
9021 3597
9021 3598
9021 3601
9021 3953
9021 3977
9021 4352
9021 50615
9021 53832
9021 53833
9021 5618
9021 58985
9021 64109
9021 9180
9655 116379
9655 1271
9655 1438
9655 1439
9655 1441
9655 149233
9655 163702
9655 2057
9655 2690
9655 3454
9655 3455
9655 3459
9655 3460
9655 3559
9655 3560
9655 3561
9655 3563
9655 3566
9655 3568
9655 3570
9655 3572
9655 3575
9655 3581
9655 3587
9655 3588
9655 3590
9655 3594
9655 3595
9655 3597
9655 3598
9655 3601
9655 3953
9655 3977
9655 4352
9655 50615
9655 53832
9655 53833
9655 5618
9655 58985
9655 64109
9655 9180
122809 3716
122809 3717
122809 3718
122809 7297
30837 3716
30837 3717
30837 3718
30837 7297
8651 3716
8651 3717
8651 3718
8651 7297
8835 3716
8835 3717
8835 3718
8835 7297
9021 3716
9021 3717
9021 3718
9021 7297
9655 3716
9655 3717
9655 3718
9655 7297
23624 116379
23624 1271
23624 1438
23624 1439
23624 1441
23624 149233
23624 163702
23624 2057
23624 2690
23624 3454
23624 3455
23624 3459
23624 3460
23624 3559
23624 3560
23624 3561
23624 3563
23624 3566
23624 3568
23624 3570
23624 3572
23624 3575
23624 3581
23624 3587
23624 3588
23624 3590
23624 3594
23624 3595
23624 3597
23624 3598
23624 3601
23624 3953
23624 3977
23624 4352
23624 50615
23624 53832
23624 53833
23624 5618
23624 58985
23624 64109
23624 9180
867 116379
867 1271
867 1438
867 1439
867 1441
867 149233
867 163702
867 2057
867 2690
867 3454
867 3455
867 3459
867 3460
867 3559
867 3560
867 3561
867 3563
867 3566
867 3568
867 3570
867 3572
867 3575
867 3581
867 3587
867 3588
867 3590
867 3594
867 3595
867 3597
867 3598
867 3601
867 3953
867 3977
867 4352
867 50615
867 53832
867 53833
867 5618
867 58985
867 64109
867 9180
868 116379
868 1271
868 1438
868 1439
868 1441
868 149233
868 163702
868 2057
868 2690
868 3454
868 3455
868 3459
868 3460
868 3559
868 3560
868 3561
868 3563
868 3566
868 3568
868 3570
868 3572
868 3575
868 3581
868 3587
868 3588
868 3590
868 3594
868 3595
868 3597
868 3598
868 3601
868 3953
868 3977
868 4352
868 50615
868 53832
868 53833
868 5618
868 58985
868 64109
868 9180
23624 3716
23624 3717
23624 3718
23624 7297
867 3716
867 3717
867 3718
867 7297
868 3716
868 3717
868 3718
868 7297
23624 3932
867 3932
868 3932
23624 2534
867 2534
868 2534
23624 7535
867 7535
868 7535
